0	1	-1
0.964461982250	0.032626111060	0.262201249599	-0.090106934309
0.026981839910	0.974998712540	-0.220567986369	-0.009178251028
-0.262842446566	0.219804003835	0.939467966557	-0.118862867355
0.000000000000	0.000000000000	0.000000000000	1.000000000000
0	12	-1
0.995614767075	-0.054202087224	-0.076253153384	-0.939844071865
0.058025494218	0.997119724751	0.048850361258	-0.052607715130
0.073385544121	-0.053060658276	0.995891094208	0.600503683090
0.000000000000	0.000000000000	0.000000000000	1.000000000000
2	3	-1
0.671389639378	-0.295091658831	0.679821491241	-0.200876474380
0.295023590326	0.947911679745	0.120097719133	0.019126355648
-0.679851055145	0.119931705296	0.723476886749	0.014676809311
0.000000000000	0.000000000000	0.000000000000	1.000000000000
3	4	-1
0.886648595333	0.080111898482	0.455452382565	-0.157833218575
0.146107032895	0.885903537273	-0.440258860588	0.057941734791
-0.438757121563	0.456899553537	0.773779988289	-0.232847690582
0.000000000000	0.000000000000	0.000000000000	1.000000000000
4	5	-1
0.982059121132	-0.109748557210	0.153350144625	-0.052498385310
0.025593636557	0.883245468140	0.468212604523	0.098084568977
-0.186831593513	-0.455887287855	0.870207548141	-0.029539823532
0.000000000000	0.000000000000	0.000000000000	1.000000000000
5	6	-1
0.799832284451	-0.338119506836	0.495927065611	0.058481097221
0.327892810106	0.938192129135	0.110826380551	0.038388416171
-0.502747476101	0.073968254030	0.861263215542	0.042890548706
0.000000000000	0.000000000000	0.000000000000	1.000000000000
6	7	-1
0.816737771034	-0.349235892296	0.459318488836	0.053337574005
0.359098762274	0.930734455585	0.069137744606	0.155853062868
-0.451649606228	0.108473345637	0.885576665401	-0.324712753296
0.000000000000	0.000000000000	0.000000000000	1.000000000000
7	8	-1
0.832656085491	-0.140710443258	0.535615503788	0.022951960564
0.297377884388	0.929513633251	-0.218105524778	0.173037767410
-0.467172622681	0.340887337923	0.815809845924	-0.247978210449
0.000000000000	0.000000000000	0.000000000000	1.000000000000
8	9	-1
0.945931434631	0.058322191238	0.319081068039	-0.168043673038
0.101079396904	0.881720304489	-0.460816830397	-0.257382929325
-0.308216303587	0.468153387308	0.828151643276	-0.065882682800
0.000000000000	0.000000000000	0.000000000000	1.000000000000
8	10	-1
0.751476049423	-0.344673126936	0.562569200993	-0.081448376179
0.340601682663	0.932946741581	0.116621628404	0.040558803827
-0.565043687820	0.103973865509	0.818483650684	0.090521097183
0.000000000000	0.000000000000	0.000000000000	1.000000000000
8	15	-1
0.911358594894	-0.291895151138	0.290209382772	0.135912775993
0.228875279427	0.945376932621	0.232118517160	-0.287598967552
-0.342111527920	-0.145121574402	0.928385496140	0.761591076851
0.000000000000	0.000000000000	0.000000000000	1.000000000000
8	16	-1
0.933357954025	-0.220766037703	0.283026486635	0.630749583244
0.213311284781	0.975302755833	0.057303223759	-0.521039128304
-0.288686811924	0.006888354663	0.957398772240	1.030643105507
0.000000000000	0.000000000000	0.000000000000	1.000000000000
10	14	-1
0.743773996830	-0.295447617769	0.599591732025	-0.471551954746
0.345533013344	0.937808811665	0.033480282873	-0.170531272888
-0.572194337845	0.182276889682	0.799605250359	0.333091974258
0.000000000000	0.000000000000	0.000000000000	1.000000000000
10	15	-1
0.942194223404	0.196291178465	-0.271549791098	-0.238032221794
-0.134108915925	0.963610887527	0.231235384941	-0.345635771751
0.307057589293	-0.181451842189	0.934232950211	0.662468433380
0.000000000000	0.000000000000	0.000000000000	1.000000000000
10	16	-1
0.920000493526	0.185555428267	-0.345208495855	-0.129341095686
-0.170291170478	0.982586920261	0.074320994318	-0.714295685291
0.352988094091	-0.009589163586	0.935578763485	1.142819643021
0.000000000000	0.000000000000	0.000000000000	1.000000000000
11	12	-1
0.848678231239	-0.003486936912	0.528897881508	-0.370500504971
0.196349143982	0.930595815182	-0.308930099010	0.074181556702
-0.491112500429	0.366031050682	0.790461480618	-0.171786785126
0.000000000000	0.000000000000	0.000000000000	1.000000000000
11	13	-1
0.799928367138	-0.089661501348	0.593360722065	-0.345682978630
0.312278836966	0.906543970108	-0.284007281065	0.217330992222
-0.512443184853	0.412479341030	0.753168523312	-0.414143443108
0.000000000000	0.000000000000	0.000000000000	1.000000000000
12	13	-1
0.989048302174	-0.111893258989	0.096252717078	0.108911208808
0.111121058464	0.993716776371	0.013366190717	0.033121146262
-0.097143977880	-0.002524124458	0.995267212391	-0.221564769745
0.000000000000	0.000000000000	0.000000000000	1.000000000000
14	15	-1
0.483266770840	0.589211523533	-0.647521138191	-0.077672004700
-0.367148011923	0.807841539383	0.461080610752	-0.136035919189
0.794767856598	0.014911073260	0.606730461121	0.355806708336
0.000000000000	0.000000000000	0.000000000000	1.000000000000
15	16	-1
0.998238980770	0.028970379382	-0.051771301776	0.299388587475
-0.037731129676	0.983452618122	-0.177196130157	-0.397816419601
0.045780889690	0.178837344050	0.982813060284	0.331524968147
0.000000000000	0.000000000000	0.000000000000	1.000000000000
16	17	-1
0.689263105392	-0.435830205679	0.578764617443	-0.086401164532
0.404215335846	0.894277870655	0.192034825683	-0.158050760627
-0.601270377636	0.101582892239	0.792561829090	0.408515572548
0.000000000000	0.000000000000	0.000000000000	1.000000000000
17	18	-1
0.960844576359	0.205321460962	-0.186068281531	-0.069034487009
-0.261208802462	0.895241022110	-0.360988527536	-0.434651196003
0.092456951737	0.395456701517	0.913819491863	0.374471902847
0.000000000000	0.000000000000	0.000000000000	1.000000000000
17	19	-1
0.924287199974	0.210537523031	-0.318383604288	-0.034334480762
-0.300748795271	0.915328800678	-0.267812639475	-0.706716060638
0.235041096807	0.343289047480	0.909345328808	0.834288120270
0.000000000000	0.000000000000	0.000000000000	1.000000000000
18	19	-1
0.984897315502	-0.010662454180	-0.172811537981	0.182107344270
0.023164948449	0.997243404388	0.070493884385	-0.098163768649
0.171583473682	-0.073432177305	0.982429027557	0.521553277969
0.000000000000	0.000000000000	0.000000000000	1.000000000000
19	20	-1
0.771503925323	-0.502720713615	0.389940172434	0.114470422268
0.358232140541	0.849757015705	0.386759668589	-0.101223707199
-0.525786221027	-0.158697798848	0.835681736469	0.473828077316
0.000000000000	0.000000000000	0.000000000000	1.000000000000
20	21	-1
0.383638471365	-0.496315091848	0.778775930405	-0.167010903358
0.724299669266	0.684867501259	0.079664200544	-0.099799096584
-0.572897017002	0.533505022526	0.622222661972	0.265221595764
0.000000000000	0.000000000000	0.000000000000	1.000000000000
21	22	-1
0.942656338215	-0.025716502219	0.332770138979	-0.214399755001
0.164209440351	0.903745532036	-0.395322769880	-0.055337309837
-0.290572345257	0.427297502756	0.856145024300	0.059264540672
0.000000000000	0.000000000000	0.000000000000	1.000000000000
21	28	-1
0.615720629692	-0.431483745575	0.659324288368	0.070490568876
0.539957523346	0.840446889400	0.045768607408	-0.508800029755
-0.573875188828	0.327826410532	0.750463962555	0.566332340240
0.000000000000	0.000000000000	0.000000000000	1.000000000000
22	23	-1
0.987450242043	0.131263166666	-0.087818749249	-0.077519372106
-0.157910525799	0.829527258873	-0.535676598549	-0.114656805992
0.002533460036	0.542821526527	0.839844465256	0.234261631966
0.000000000000	0.000000000000	0.000000000000	1.000000000000
22	29	-1
0.966551959515	0.183859780431	-0.178810253739	0.022372424603
-0.159689009190	0.976990163326	0.141386330128	-0.356420993805
0.200691133738	-0.108103148639	0.973671734333	0.937641620636
0.000000000000	0.000000000000	0.000000000000	1.000000000000
23	28	-1
0.794496178627	-0.489035397768	0.360026150942	0.127415835857
0.033463038504	0.627217233181	0.778125047684	0.243415176868
-0.606345593929	-0.606170654297	0.514686763287	0.393690824509
0.000000000000	0.000000000000	0.000000000000	1.000000000000
23	29	-1
0.983648419380	0.019137240946	-0.179078891873	0.122640907764
0.100286215544	0.767715811729	0.632895171642	0.180852144957
0.149593383074	-0.640505611897	0.753242731094	0.701254963875
0.000000000000	0.000000000000	0.000000000000	1.000000000000
23	30	-1
0.870847940445	-0.012073568068	-0.491404116154	0.171100378036
0.089722804725	0.986808300018	0.134757965803	0.067011117935
0.483294636011	-0.161443933845	0.860443174839	0.641347169876
0.000000000000	0.000000000000	0.000000000000	1.000000000000
24	27	-1
0.873339653015	0.175362810493	0.454449415207	-0.004668742418
0.180781155825	0.749632596970	-0.636685550213	0.027769416571
-0.452321320772	0.638198971748	0.622982621193	-0.210718750954
0.000000000000	0.000000000000	0.000000000000	1.000000000000
24	28	-1
0.957258045673	-0.167812317610	0.235577076674	0.049319304526
0.116559773684	0.969233930111	0.216792970896	0.036984995008
-0.264710038900	-0.180067762733	0.947367072105	0.023412466049
0.000000000000	0.000000000000	0.000000000000	1.000000000000
25	27	-1
0.963935792446	0.015903213993	-0.265660226345	0.052709072828
-0.173558861017	0.794304847717	-0.582200050354	-0.197634816170
0.201756581664	0.607311010361	0.768418848515	-0.212107777596
0.000000000000	0.000000000000	0.000000000000	1.000000000000
26	27	-1
0.705654740334	0.372113883495	0.602978050709	-2.171609878540
-0.078372560441	0.886764883995	-0.455527901649	0.649095058441
-0.704208254814	0.274188488722	0.654913425446	-1.801357626915
0.000000000000	0.000000000000	0.000000000000	1.000000000000
28	29	-1
0.666090786457	0.432494133711	-0.607677042484	-0.154222786427
-0.541590332985	0.840629279613	0.004638950340	-0.188877314329
0.512837886810	0.326022505760	0.794170260429	0.131514668465
0.000000000000	0.000000000000	0.000000000000	1.000000000000
28	30	-1
0.415947973728	0.090564340353	-0.904867351055	-0.103939175606
-0.668850421906	0.704627811909	-0.236932858825	-0.194475516677
0.616137683392	0.703772962093	0.353662848473	0.000417470932
0.000000000000	0.000000000000	0.000000000000	1.000000000000
29	30	-1
0.950215637684	-0.007013086695	-0.311513394117	0.056399405003
-0.147147461772	0.871144652367	-0.468460053205	-0.034752219915
0.274658769369	0.490976750851	0.826743364334	-0.127271294594
0.000000000000	0.000000000000	0.000000000000	1.000000000000
30	31	-1
0.953833758831	0.191202804446	-0.231608748436	-0.061246335506
0.082842253149	0.573752999306	0.814828097820	0.251733899117
0.288683861494	-0.796397387981	0.531425178051	0.509443640709
0.000000000000	0.000000000000	0.000000000000	1.000000000000
31	32	-1
0.769532144070	0.413083285093	-0.487013548613	-0.038623511791
-0.571205019951	0.786245763302	-0.235673844814	-0.396043926477
0.285559445620	0.459543228149	0.840996921062	0.055310010910
0.000000000000	0.000000000000	0.000000000000	1.000000000000
31	33	-1
0.441516608000	0.340310901403	-0.830211520195	0.177732229233
-0.737208068371	0.665022671223	-0.119457334280	-0.506599307060
0.511457085609	0.664780914783	0.544498085976	0.102791190147
0.000000000000	0.000000000000	0.000000000000	1.000000000000
31	34	-1
-0.044924527407	0.771057784557	-0.635178685188	0.042110145092
-0.624369204044	0.474665582180	0.620367825031	-0.623897373676
0.779836893082	0.424455404282	0.460100144148	0.449066042900
0.000000000000	0.000000000000	0.000000000000	1.000000000000
32	33	-1
0.904832184315	0.084255039692	-0.417348682880	0.236631274223
-0.160989165306	0.975155532360	-0.152166351676	-0.019459396601
0.394159018993	0.204873710871	0.895916104317	-0.029751539230
0.000000000000	0.000000000000	0.000000000000	1.000000000000
32	34	-1
0.579333424568	0.446128636599	-0.682160496712	0.236368536949
-0.142051398754	0.879367053509	0.454461753368	0.032706543803
0.802617192268	-0.166382610798	0.572819530964	0.334915220737
0.000000000000	0.000000000000	0.000000000000	1.000000000000
32	35	-1
0.477621585131	0.055663224310	-0.876800477505	0.354100465775
-0.281193315983	0.955179035664	-0.092536032200	-0.125962972641
0.832350969315	0.290747463703	0.471866518259	0.170115530491
0.000000000000	0.000000000000	0.000000000000	1.000000000000
32	36	-1
0.429332584143	0.193632110953	-0.882145464420	0.337954163551
-0.280799895525	0.956956207752	0.073390729725	-0.074795402586
0.858385145664	0.216197028756	0.465224206448	0.185425162315
0.000000000000	0.000000000000	0.000000000000	1.000000000000
33	34	-1
0.915794312954	0.227840587497	-0.330772548914	0.097538679838
-0.011976091191	0.838660299778	0.544522643089	0.080091655254
0.401470363140	-0.494708955288	0.770768821239	0.266496539116
0.000000000000	0.000000000000	0.000000000000	1.000000000000
33	35	-1
0.849631309509	0.103752531111	-0.517070055008	0.123090088367
-0.118032746017	0.992995262146	0.005301736761	-0.065263986588
0.513998150826	0.056526556611	0.855926752090	0.106159329414
0.000000000000	0.000000000000	0.000000000000	1.000000000000
33	36	-1
0.823387622833	0.181575968862	-0.537645757198	0.129976034164
-0.112365342677	0.980835914612	0.159168168902	0.009806543589
0.556243479252	-0.070644311607	0.828011274338	0.134547472000
0.000000000000	0.000000000000	0.000000000000	1.000000000000
34	35	-1
0.987585425377	0.089380234480	-0.129175171256	-0.028338864446
-0.146409183741	0.821709513664	-0.550779461861	-0.052923738956
0.056915678084	0.562853991985	0.824594378471	-0.233892440796
0.000000000000	0.000000000000	0.000000000000	1.000000000000
34	36	-1
0.979503154755	0.115220509470	-0.165217936039	-0.006382524967
-0.171952292323	0.905498981476	-0.387947678566	-0.035710811615
0.104905210435	0.408406227827	0.906751930714	-0.177340626717
0.000000000000	0.000000000000	0.000000000000	1.000000000000
35	36	-1
0.998352169991	-0.000039159924	-0.057391431183	0.042516291142
0.012391591445	0.976559042931	0.214892864227	-0.029402434826
0.056037239730	-0.215249612927	0.974950313568	0.029394268990
0.000000000000	0.000000000000	0.000000000000	1.000000000000
