0	1	-1
0.995564877987	-0.014021513052	0.093025103211	0.022737398744
0.022845689207	0.995263338089	-0.094485066831	-0.105960547924
-0.091259941459	0.096190996468	0.991170287132	-0.002089977264
0.000000000000	0.000000000000	0.000000000000	1.000000000000
0	2	-1
0.952484667301	-0.144586205482	0.268082171679	0.141520678997
0.135953336954	0.989422261715	0.050591658801	-0.088044688106
-0.272561550140	-0.011741057038	0.962066948414	-0.169015884399
0.000000000000	0.000000000000	0.000000000000	1.000000000000
1	2	-1
0.974517226219	-0.122583404183	0.187854319811	0.109375089407
0.096906527877	0.985358536243	0.140277624130	-0.001826882362
-0.202299565077	-0.118498824537	0.972128033638	-0.155024766922
0.000000000000	0.000000000000	0.000000000000	1.000000000000
1	34	-1
0.631448924541	-0.329860121012	0.701757848263	-2.036539554596
0.161946520209	0.941149950027	0.296664476395	-0.606591999531
-0.758317530155	-0.073680713773	0.647708237171	0.850085735321
0.000000000000	0.000000000000	0.000000000000	1.000000000000
1	37	-1
0.391000002623	-0.609259903431	0.689869642258	-1.599322915077
0.213042035699	0.789094865322	0.576144576073	-0.795398652554
-0.895394504070	-0.078301541507	0.438334345818	1.600804686546
0.000000000000	0.000000000000	0.000000000000	1.000000000000
1	38	-1
-0.237122878432	-0.524397850037	0.817789196968	-1.627875566483
0.184417098761	0.802193105221	0.567870497704	-0.886290550232
-0.953815042973	0.285469412804	-0.093510173261	1.978778719902
0.000000000000	0.000000000000	0.000000000000	1.000000000000
1	50	-1
0.724850237370	0.018456110731	-0.688659191132	0.532734572887
-0.031999852508	0.999463975430	-0.006896055304	0.407865166664
0.688163101673	0.027035631239	0.725052297115	-0.421510219574
0.000000000000	0.000000000000	0.000000000000	1.000000000000
2	34	-1
0.673342764378	-0.268021225929	0.689038455486	-2.625700473785
0.219093725085	0.962450921535	0.160269781947	-0.554278910160
-0.706121504307	0.043047733605	0.706781029701	0.796072840691
0.000000000000	0.000000000000	0.000000000000	1.000000000000
2	36	-1
0.608415842056	-0.370508641005	0.701821148396	-2.480971813202
0.280706346035	0.927633583546	0.246373906732	-0.591960191727
-0.742316484451	0.047108173370	0.668391227722	1.216310977936
0.000000000000	0.000000000000	0.000000000000	1.000000000000
2	37	-1
0.394439369440	-0.595571398735	0.699794411659	-2.172450304031
0.346172690392	0.801740229130	0.487213343382	-0.906091928482
-0.851223826408	0.050073683262	0.522408366203	1.524247407913
0.000000000000	0.000000000000	0.000000000000	1.000000000000
2	38	-1
-0.036236274987	-0.493118315935	0.869207262993	-2.214164018631
0.322883129120	0.817352116108	0.477160394192	-0.927635431290
-0.945744931698	0.297942787409	0.129601910710	1.649303078651
0.000000000000	0.000000000000	0.000000000000	1.000000000000
3	4	-1
0.735631883144	0.181316882372	-0.652663171291	0.037294387817
-0.135706916451	0.983425021172	0.120247274637	-0.016485273838
0.663648426533	0.000113383525	0.748044729233	0.175364017487
0.000000000000	0.000000000000	0.000000000000	1.000000000000
3	6	-1
0.672140240669	0.154707089067	-0.724080264568	0.244371891022
-0.134025946259	0.987194538116	0.086511597037	-0.068034946918
0.728192150593	0.038897875696	0.684268116951	0.290725231171
0.000000000000	0.000000000000	0.000000000000	1.000000000000
3	31	-1
-0.638114094734	-0.209598392248	0.740862965584	-1.878104090691
-0.654881656170	-0.358264744282	-0.665414392948	2.279730796814
0.404895067215	-0.909788072109	0.091351784766	0.939782083035
0.000000000000	0.000000000000	0.000000000000	1.000000000000
3	47	-1
0.983745574951	0.107089675963	-0.144138857722	-1.112274169922
-0.080977037549	0.981019735336	0.176192298532	0.381528586149
0.160271376371	-0.161656543612	0.973745584488	-1.422652482986
0.000000000000	0.000000000000	0.000000000000	1.000000000000
4	6	-1
0.994645833969	-0.002164860489	-0.103320643306	0.269692122936
-0.003991593607	0.998229742050	-0.059341397136	0.008548915386
0.103266209364	0.059436202049	0.992876410484	-0.052405357361
0.000000000000	0.000000000000	0.000000000000	1.000000000000
4	7	-1
0.998910009861	-0.040763154626	-0.022772416472	0.570424616337
0.041052039713	0.999081075191	0.012373887934	-0.082545876503
0.022247523069	-0.013295082375	0.999664306641	0.464641809464
0.000000000000	0.000000000000	0.000000000000	1.000000000000
6	7	-1
0.995617270470	-0.055971868336	0.074922993779	0.380622118711
0.050403803587	0.995964944363	0.074251033366	-0.067407041788
-0.078776493669	-0.070149362087	0.994421005249	0.498314619064
0.000000000000	0.000000000000	0.000000000000	1.000000000000
8	9	-1
0.954708337784	0.136026740074	-0.264630079269	0.372565358877
-0.124641701579	0.990420281887	0.059430602938	-0.047463625669
0.270179659128	-0.023754881695	0.962516844273	0.553603768349
0.000000000000	0.000000000000	0.000000000000	1.000000000000
8	10	-1
0.653708398342	0.298913866282	-0.695209443569	0.561730861664
-0.265175998211	0.950914442539	0.159510850906	-0.118618309498
0.708764791489	0.080079495907	0.700885176659	0.660926103592
0.000000000000	0.000000000000	0.000000000000	1.000000000000
8	24	-1
0.738995194435	-0.385575354099	0.552464365959	-0.617619335651
0.368296056986	0.917860746384	0.147947311401	0.104893475771
-0.564130246639	0.094138085842	0.820301592350	-0.411709547043
0.000000000000	0.000000000000	0.000000000000	1.000000000000
8	26	-1
0.530308187008	-0.292189121246	-0.795863866806	1.470820307732
0.291872352362	0.944271445274	-0.152191102505	0.401584237814
0.795980393887	-0.151581943035	0.586036384106	0.070708990097
0.000000000000	0.000000000000	0.000000000000	1.000000000000
8	28	-1
0.678463399410	-0.305070906878	0.668295919895	-2.042054414749
0.410560816526	0.911833167076	-0.000563152833	-0.358052432537
-0.609202682972	0.274758011103	0.743895351887	1.164896368980
0.000000000000	0.000000000000	0.000000000000	1.000000000000
8	29	-1
-0.041390731931	-0.700903654099	0.712054252625	-1.945344448090
0.468073159456	0.616021335125	0.633582174778	-0.880142211914
-0.882720112801	0.359517693520	0.302576571703	1.366378545761
0.000000000000	0.000000000000	0.000000000000	1.000000000000
9	10	-1
0.869310617447	0.175598248839	-0.462020605803	0.220076501369
-0.174837589264	0.983574867249	0.044859118760	-0.048674225807
0.462309032679	0.041781727225	0.885734021664	0.004246473312
0.000000000000	0.000000000000	0.000000000000	1.000000000000
9	29	-1
-0.354446530342	-0.521649658680	0.776046991348	-2.091695308685
0.332809954882	0.705206096172	0.626036584377	-0.847486674786
-0.873844921589	0.480172485113	-0.076347723603	1.824626207352
0.000000000000	0.000000000000	0.000000000000	1.000000000000
10	11	-1
0.895837545395	0.130775377154	-0.424702703953	0.176090776920
-0.133399084210	0.990778803825	0.023700291291	-0.188946485519
0.423885941505	0.035423371941	0.905022442341	0.647616624832
0.000000000000	0.000000000000	0.000000000000	1.000000000000
11	12	-1
0.995136618614	0.048554196954	-0.085703082383	0.156382679939
-0.034769326448	0.987212359905	0.155575662851	-0.254655897617
0.092160843313	-0.151838898659	0.984099328518	0.844364047050
0.000000000000	0.000000000000	0.000000000000	1.000000000000
11	15	-1
0.325728178024	0.420198172331	-0.846955716610	1.364942789078
-0.300236105919	0.895414054394	0.328772932291	-0.729636311531
0.896525382996	0.147196292877	0.417820781469	2.239497423172
0.000000000000	0.000000000000	0.000000000000	1.000000000000
11	17	-1
0.394041448832	0.580514013767	-0.712554216385	1.081574201584
-0.252051830292	0.813810527325	0.523623406887	-1.046781778336
0.883855462074	-0.026729270816	0.466995000839	2.113099098206
0.000000000000	0.000000000000	0.000000000000	1.000000000000
12	13	-1
0.973618924618	0.148490592837	-0.173250004649	0.552006185055
-0.131080538034	0.985471725464	0.107999384403	-0.223789751530
0.186769947410	-0.082440584898	0.978938400745	0.415466308594
0.000000000000	0.000000000000	0.000000000000	1.000000000000
12	14	-1
0.829937636852	0.263082981110	-0.491925269365	1.020663380623
-0.268150508404	0.961395680904	0.061754599214	-0.448341071606
0.489181309938	0.080657646060	0.868444383144	0.787922859192
0.000000000000	0.000000000000	0.000000000000	1.000000000000
12	15	-1
0.438207089901	0.413778483868	-0.797973155975	1.309814691544
-0.422346413136	0.878431081772	0.223567575216	-0.633718252182
0.793472588062	0.239052802324	0.559692680836	1.141634225845
0.000000000000	0.000000000000	0.000000000000	1.000000000000
12	16	-1
0.668486297131	0.347355633974	-0.657624781132	1.078706622124
-0.308429598808	0.934088826180	0.179859772325	-0.955300092697
0.676755666733	0.082597099245	0.731559872627	1.115035533905
0.000000000000	0.000000000000	0.000000000000	1.000000000000
12	17	-1
0.492124021053	0.549795329571	-0.674935758114	1.036437392235
-0.380871921778	0.833160638809	0.400973886251	-0.914693295956
0.782783329487	0.059735223651	0.619420349598	1.003110766411
0.000000000000	0.000000000000	0.000000000000	1.000000000000
12	18	-1
0.658364117146	0.524441659451	-0.539924204350	0.930277466774
-0.356002777815	0.848968982697	0.390528857708	-0.944629788399
0.663189232349	-0.064894996583	0.745633184910	1.227177381516
0.000000000000	0.000000000000	0.000000000000	1.000000000000
12	21	-1
0.176910117269	0.674929440022	-0.716361224651	0.489077568054
-0.499765247107	0.688629150391	0.525380969048	-1.085504055023
0.847902297974	0.265066832304	0.459131568670	1.705900907516
0.000000000000	0.000000000000	0.000000000000	1.000000000000
13	14	-1
0.939245343208	0.146438390017	-0.310442358255	0.535279214382
-0.180780023336	0.979866623878	-0.084738731384	-0.179264366627
0.291782915592	0.135712489486	0.946807801723	0.250694513321
0.000000000000	0.000000000000	0.000000000000	1.000000000000
13	15	-1
0.631137430668	0.329376727343	-0.702265083790	0.933450996876
-0.411811649799	0.909516632557	0.056479841471	-0.354716598988
0.657324671745	0.253554582596	0.709671735764	0.544412374496
0.000000000000	0.000000000000	0.000000000000	1.000000000000
13	16	-1
0.819422543049	0.221275404096	-0.528757095337	0.754122257233
-0.263052105904	0.964773952961	-0.003915115725	-0.659359097481
0.509264647961	0.142298772931	0.848764359951	0.515717387199
0.000000000000	0.000000000000	0.000000000000	1.000000000000
13	17	-1
0.693821549416	0.424781799316	-0.581525683403	0.662138700485
-0.350887238979	0.904577016830	0.242113471031	-0.663124203682
0.628879785538	0.036066070199	0.776665627956	0.410369753838
0.000000000000	0.000000000000	0.000000000000	1.000000000000
13	18	-1
0.819990336895	0.382349640131	-0.425938218832	0.607264339924
-0.305077940226	0.921598315239	0.239967718720	-0.722522377968
0.484294980764	-0.066827304661	0.872348666191	0.645518064499
0.000000000000	0.000000000000	0.000000000000	1.000000000000
14	15	-1
0.864094614983	0.219878718257	-0.452764958143	0.480908811092
-0.219655811787	0.974090635777	0.053843177855	-0.082482837141
0.452873289585	0.052926462144	0.890003025532	0.166364312172
0.000000000000	0.000000000000	0.000000000000	1.000000000000
14	16	-1
0.971043884754	0.073385395110	-0.227356389165	0.336400270462
-0.061076316983	0.996284842491	0.060719233006	-0.446525216103
0.230967760086	-0.045075047761	0.971916854382	0.222478866577
0.000000000000	0.000000000000	0.000000000000	1.000000000000
14	17	-1
0.897335708141	0.256549000740	-0.359125792980	0.247663348913
-0.166879877448	0.950517714024	0.262045174837	-0.440467059612
0.408582985401	-0.175211682916	0.895746111870	0.155187606812
0.000000000000	0.000000000000	0.000000000000	1.000000000000
14	18	-1
0.968122720718	0.174782887101	-0.179411441088	0.263419985771
-0.115078531206	0.946592628956	0.301196366549	-0.482010245323
0.222473412752	-0.270948767662	0.936532139778	0.391118884087
0.000000000000	0.000000000000	0.000000000000	1.000000000000
14	20	-1
0.988700568676	0.091591179371	-0.118667088449	0.364225566387
-0.082014881074	0.993150651455	0.083221979439	-0.748230814934
0.125476688147	-0.072549350560	0.989440321922	0.890278100967
0.000000000000	0.000000000000	0.000000000000	1.000000000000
14	21	-1
0.692337632179	0.517685890198	-0.502662360668	0.204146564007
-0.368982017040	0.852649748325	0.369919419289	-0.707044720650
0.620096743107	-0.070635683835	0.781338751316	1.023780107498
0.000000000000	0.000000000000	0.000000000000	1.000000000000
15	16	-1
0.959248423576	-0.168225780129	0.227028474212	-0.012530431151
0.157297447324	0.985374391079	0.065533205867	-0.396283268929
-0.234732374549	-0.027151705697	0.971680700779	0.098498344421
0.000000000000	0.000000000000	0.000000000000	1.000000000000
15	17	-1
0.997009992599	-0.067648224533	0.037349231541	-0.114060208201
0.058003675193	0.974512457848	0.216703951359	-0.387591987848
-0.051056805998	-0.213889762759	0.975522518158	0.067957043648
0.000000000000	0.000000000000	0.000000000000	1.000000000000
15	18	-1
0.961787164211	-0.179391697049	0.206843361259	0.000687897205
0.108149439096	0.942937016487	0.314917445183	-0.447320759296
-0.251533925533	-0.280513256788	0.926305949688	0.281110286713
0.000000000000	0.000000000000	0.000000000000	1.000000000000
15	21	-1
0.953795552254	0.239338368177	-0.181634947658	0.338435053825
-0.181560039520	0.940791010857	0.286267071962	-0.619818508625
0.239395245910	-0.240062385798	0.940776467323	0.852869749069
0.000000000000	0.000000000000	0.000000000000	1.000000000000
16	17	-1
0.977617144585	0.144397214055	-0.153017133474	-0.109015613794
-0.115333661437	0.976090133190	0.184243977070	0.021610528231
0.175962761045	-0.162471801043	0.970896661282	-0.046617746353
0.000000000000	0.000000000000	0.000000000000	1.000000000000
16	18	-1
0.998391866684	0.049392823130	0.027813000605	-0.033444695175
-0.054679010063	0.968543589115	0.242763489485	-0.043459042907
-0.014947342686	-0.243893995881	0.969686746597	0.181532621384
0.000000000000	0.000000000000	0.000000000000	1.000000000000
16	19	-1
0.947771310806	-0.067230500281	0.311785101891	0.193886786699
0.009910315275	0.983267664909	0.181897997856	-0.425524592400
-0.318797260523	-0.169307887554	0.932578861713	0.774812817574
0.000000000000	0.000000000000	0.000000000000	1.000000000000
16	20	-1
0.994560658932	0.027035091072	0.100591480732	0.213057130575
-0.030887866393	0.998840093613	0.036942709237	-0.343874394894
-0.099476031959	-0.039848841727	0.994241654873	0.628562211990
0.000000000000	0.000000000000	0.000000000000	1.000000000000
16	21	-1
0.842634916306	0.427809655666	-0.327026754618	0.072059273720
-0.345392704010	0.895314276218	0.281275063753	-0.290380984545
0.413123816252	-0.124058946967	0.902185201645	0.788987874985
0.000000000000	0.000000000000	0.000000000000	1.000000000000
17	18	-1
0.978160738945	-0.120377436280	0.169444277883	0.121684104204
0.106914460659	0.990499377251	0.086487375200	-0.095385722816
-0.178245753050	-0.066482476890	0.981737554073	0.194886565208
0.000000000000	0.000000000000	0.000000000000	1.000000000000
17	21	-1
0.935408890247	0.291484534740	-0.200116872787	0.389489412308
-0.280409127474	0.956348478794	0.082269243896	-0.407936096191
0.215361744165	-0.020840629935	0.976312041283	0.715214133263
0.000000000000	0.000000000000	0.000000000000	1.000000000000
17	22	-1
0.597999691963	0.653507709503	-0.464029133320	0.330945551395
-0.580027222633	0.752412557602	0.312159180641	-0.268372356892
0.553139805794	0.082478702068	0.828995525837	0.752141714096
0.000000000000	0.000000000000	0.000000000000	1.000000000000
18	19	-1
0.945930182934	-0.154176652431	0.285388916731	0.273040473461
0.175392836332	0.983219325542	-0.050178278238	-0.476526498795
-0.272863745689	0.097520492971	0.957097232342	0.475764870644
0.000000000000	0.000000000000	0.000000000000	1.000000000000
18	20	-1
0.994047522545	-0.043946854770	0.099693082273	0.243113934994
0.063948981464	0.976180791855	-0.207317531109	-0.366898000240
-0.088207595050	0.212458744645	0.973180711269	0.361488103867
0.000000000000	0.000000000000	0.000000000000	1.000000000000
18	21	-1
0.848608314991	0.385423213243	-0.362373352051	0.120547503233
-0.401233702898	0.915345668793	0.033956080675	-0.365188628435
0.344783991575	0.116580903530	0.931414484978	0.529859900475
0.000000000000	0.000000000000	0.000000000000	1.000000000000
19	20	-1
0.978304564953	0.080627910793	-0.190837100148	-0.010782361031
-0.108225882053	0.984372615814	-0.138917803764	0.108659863472
0.176654264331	0.156557694077	0.971742212772	-0.126467227936
0.000000000000	0.000000000000	0.000000000000	1.000000000000
20	21	-1
0.791578590870	0.440359443426	-0.423659294844	-0.157206952572
-0.365185320377	0.896789491177	0.249816030264	0.034166783094
0.489942193031	-0.043034587055	0.870692312717	0.157451152802
0.000000000000	0.000000000000	0.000000000000	1.000000000000
21	22	-1
0.834325969219	0.415167927742	-0.362677991390	-0.049212694168
-0.390437752008	0.909469664097	0.142908751965	0.111460864544
0.389176011086	0.022370772436	0.920891821384	0.071993589401
0.000000000000	0.000000000000	0.000000000000	1.000000000000
22	23	-1
0.976264655590	-0.005666528828	-0.216507866979	-0.124938577414
-0.093838840723	0.889888286591	-0.446423411369	-0.072544038296
0.195197433233	0.456144005060	0.868234336376	-0.137762188911
0.000000000000	0.000000000000	0.000000000000	1.000000000000
23	31	-1
0.990361094475	0.086409762502	-0.108248434961	-0.796395480633
-0.069551087916	0.986107945442	0.150844112039	-0.347058296204
0.119779109955	-0.141861394048	0.982612967491	0.725920319557
0.000000000000	0.000000000000	0.000000000000	1.000000000000
23	32	-1
0.955998480320	-0.107708714902	0.272882670164	-0.830140888691
0.027988227084	0.959406971931	0.280632823706	-0.493295431137
-0.292032122612	-0.260647058487	0.920206844807	0.674002647400
0.000000000000	0.000000000000	0.000000000000	1.000000000000
23	42	-1
0.134854212403	-0.439941853285	0.887843370438	-2.851985454559
0.362660378218	0.855770289898	0.368964344263	-0.829453110695
-0.922112345695	0.272229254246	0.274953931570	2.399742841721
0.000000000000	0.000000000000	0.000000000000	1.000000000000
24	25	-1
0.844000458717	0.160491332412	-0.511767566204	-0.063872933388
-0.179513186216	0.983676850796	0.012431558222	-0.050557866693
0.505409359932	0.081376843154	0.859033942223	0.062961816788
0.000000000000	0.000000000000	0.000000000000	1.000000000000
24	26	-1
0.797438442707	0.242536365986	-0.552510619164	0.013347923756
-0.214008584619	0.969818711281	0.116844147444	-0.013836175203
0.564173877239	0.025065775961	0.825275480747	0.120187044144
0.000000000000	0.000000000000	0.000000000000	1.000000000000
24	28	-1
0.648592293262	0.216842010617	-0.729594826698	0.015591442585
-0.210486128926	0.972276747227	0.101852349937	-0.008140087128
0.731453716755	0.087508745492	0.676253259182	0.104466319084
0.000000000000	0.000000000000	0.000000000000	1.000000000000
24	29	-1
0.959165811539	0.121156223118	-0.255583733320	0.061005413532
-0.067907378078	0.975826203823	0.207732409239	0.093285202980
0.274573296309	-0.181893423200	0.944205760956	0.046324253082
0.000000000000	0.000000000000	0.000000000000	1.000000000000
24	30	-1
0.996470093727	-0.000256213476	-0.083950407803	-0.104635238647
-0.008013828658	0.995137929916	-0.098160505295	-0.127754300833
0.083567328751	0.098486952484	0.991623342037	0.405828952789
0.000000000000	0.000000000000	0.000000000000	1.000000000000
24	31	-1
0.933066189289	-0.124945566058	0.337306439877	-0.290598064661
0.055365957320	0.976445436478	0.208541765809	-0.313669919968
-0.355417370796	-0.175908103585	0.918005883694	0.917891502380
0.000000000000	0.000000000000	0.000000000000	1.000000000000
25	26	-1
0.996642649174	0.057182732970	-0.058602150530	0.046349942684
-0.051452718675	0.994145810604	0.095010727644	0.050998836756
0.063692495227	-0.091676324606	0.993749976158	0.001738309860
0.000000000000	0.000000000000	0.000000000000	1.000000000000
25	27	-1
0.890482842922	0.148006021976	-0.430273175240	0.077159970999
-0.139920964837	0.988869786263	0.050576135516	-0.007866349071
0.432969957590	0.015166988596	0.901280879974	0.061405777931
0.000000000000	0.000000000000	0.000000000000	1.000000000000
25	28	-1
0.957580685616	0.076038993895	-0.277954071760	0.019175481051
-0.065863691270	0.996777892113	0.045776341110	0.064990222454
0.280539602041	-0.025527194142	0.959503054619	-0.019133806229
0.000000000000	0.000000000000	0.000000000000	1.000000000000
25	29	-1
0.959649145603	-0.166051685810	0.226935207844	0.059097766876
0.112124331295	0.966055154800	0.232732608914	0.180033534765
-0.257877081633	-0.197896748781	0.945693433285	-0.083228588104
0.000000000000	0.000000000000	0.000000000000	1.000000000000
26	27	-1
0.926796138287	0.088940806687	-0.364879786968	0.008818149567
-0.129028692842	0.987821400166	-0.086949206889	0.002411439549
0.352702438831	0.127664282918	0.926985859871	0.049354076385
0.000000000000	0.000000000000	0.000000000000	1.000000000000
26	28	-1
0.975790917873	0.012398163788	-0.218354910612	-0.014627367258
-0.027052462101	0.997568070889	-0.064250916243	0.014139667153
0.217027127743	0.068602472544	0.973751783371	-0.011572241783
0.000000000000	0.000000000000	0.000000000000	1.000000000000
26	29	-1
0.937223732471	-0.206649214029	0.280904680490	-0.008046478033
0.163360714912	0.971828937531	0.169886499643	0.093718543649
-0.308098524809	-0.113332793117	0.944579839706	-0.068778991699
0.000000000000	0.000000000000	0.000000000000	1.000000000000
27	28	-1
0.983843207359	-0.098214678466	0.149687781930	-0.037290185690
0.093441359699	0.994875848293	0.038611989468	0.014588892460
-0.152713030577	-0.024001033977	0.987979173660	-0.045653343201
0.000000000000	0.000000000000	0.000000000000	1.000000000000
28	29	-1
0.850394189358	-0.249424532056	0.463268697262	0.016651868820
0.152127966285	0.959447503090	0.237315461040	0.073647797108
-0.503674089909	-0.131335616112	0.853852331638	-0.070986866951
0.000000000000	0.000000000000	0.000000000000	1.000000000000
29	30	-1
0.982039928436	-0.039956271648	0.184391528368	-0.021809041500
0.089636273682	0.958783686161	-0.269627392292	-0.325871050358
-0.166018500924	0.281313121319	0.945145905018	0.319015502930
0.000000000000	0.000000000000	0.000000000000	1.000000000000
29	31	-1
0.778827726841	-0.247465074062	0.576357722282	-0.089936494827
0.236043229699	0.966967225075	0.096212878823	-0.630319476128
-0.581129133701	0.061111859977	0.811513245106	0.862389445305
0.000000000000	0.000000000000	0.000000000000	1.000000000000
30	31	-1
0.898805975914	-0.165103673935	0.406064629555	-0.135591208935
0.039282072335	0.952965378761	0.300523847342	-0.143558979034
-0.436582565308	-0.254161864519	0.863016486168	0.549536466599
0.000000000000	0.000000000000	0.000000000000	1.000000000000
30	32	-1
0.642381548882	-0.428458213806	0.635428428650	-0.121499061584
0.104923531413	0.870485246181	0.480881303549	-0.331237941980
-0.759168446064	-0.242238000035	0.604139208794	0.538588762283
0.000000000000	0.000000000000	0.000000000000	1.000000000000
31	32	-1
0.919587433338	-0.219070106745	0.326140582561	0.029127895832
0.165638267994	0.968910038471	0.183787152171	-0.161085352302
-0.356263190508	-0.114986874163	0.927283704281	-0.079776048660
0.000000000000	0.000000000000	0.000000000000	1.000000000000
31	33	-1
0.974269330502	-0.074021495879	0.212884530425	0.036475181580
0.092281259596	0.992740273476	-0.077145129442	-0.445511698723
-0.205628842115	0.094805352390	0.974027097225	0.410144090652
0.000000000000	0.000000000000	0.000000000000	1.000000000000
31	47	-1
0.105118736625	-0.342137813568	0.933751761913	-2.180838823318
0.561702370644	0.795257806778	0.228157490492	-0.689424693584
-0.820634901524	0.500506758690	0.275775521994	1.544858694077
0.000000000000	0.000000000000	0.000000000000	1.000000000000
31	48	-1
0.284308224916	-0.327097624540	0.901207923889	-2.779374122620
0.547200202942	0.827216506004	0.127614468336	-1.121839165688
-0.787236332893	0.456859171391	0.414172291756	2.091770648956
0.000000000000	0.000000000000	0.000000000000	1.000000000000
33	34	-1
0.886439323425	0.168953374028	-0.430904895067	-0.371816098690
-0.183891892433	0.982921123505	0.007099649403	-0.303795486689
0.424744546413	0.072946168482	0.902369439602	0.601161241531
0.000000000000	0.000000000000	0.000000000000	1.000000000000
33	36	-1
0.867289185524	0.139713823795	-0.477796971798	-0.462256848812
-0.113105088472	0.990010678768	0.084185577929	-0.354636222124
0.484785944223	-0.018972223625	0.874427258968	0.953120589256
0.000000000000	0.000000000000	0.000000000000	1.000000000000
33	38	-1
0.971709609032	-0.180921092629	0.151816591620	-1.003586173058
0.165572077036	0.980223178864	0.108390003443	-0.643133282661
-0.168423965573	-0.080187231302	0.982447683811	1.161890864372
0.000000000000	0.000000000000	0.000000000000	1.000000000000
33	41	-1
0.425666421652	-0.478147685528	0.768233716488	-1.601458072662
0.419882297516	0.856425821781	0.300388455391	-0.370833814144
-0.801565527916	0.194702461362	0.565317571163	1.194939017296
0.000000000000	0.000000000000	0.000000000000	1.000000000000
33	42	-1
0.213162183762	-0.524380505085	0.824370801449	-1.965019941330
0.467875719070	0.795509636402	0.385040879250	-0.318349123001
-0.857702910900	0.303626984358	0.414917469025	0.980018854141
0.000000000000	0.000000000000	0.000000000000	1.000000000000
33	47	-1
0.305080294609	-0.359099239111	0.882028043270	-2.496869802475
0.471261769533	0.861757159233	0.187844231725	0.007474139333
-0.827549219131	0.358358800411	0.432135313749	0.733793497086
0.000000000000	0.000000000000	0.000000000000	1.000000000000
33	48	-1
0.946467697620	-0.159358814359	0.280719518661	-1.262688517570
0.197822496295	0.973549902439	-0.114309355617	0.154378786683
-0.255078613758	0.163722887635	0.952958643436	0.468532085419
0.000000000000	0.000000000000	0.000000000000	1.000000000000
34	35	-1
0.951482772827	0.045473832637	-0.304322719574	-0.153190672398
-0.109600670636	0.974238455296	-0.197096079588	-0.069364301860
0.287520170212	0.220887526870	0.931955218315	0.016517162323
0.000000000000	0.000000000000	0.000000000000	1.000000000000
34	36	-1
0.998142361641	-0.052540540695	-0.030821407214	0.010752916336
0.054537370801	0.996194720268	0.067976914346	-0.043073117733
0.027132311836	-0.069531999528	0.997210502625	0.363528728485
0.000000000000	0.000000000000	0.000000000000	1.000000000000
34	37	-1
0.962482869625	-0.232644170523	0.139656648040	-0.155886083841
0.185985580087	0.940386533737	0.284749627113	-0.414947926998
-0.197576478124	-0.248092398047	0.948374390602	0.744966149330
0.000000000000	0.000000000000	0.000000000000	1.000000000000
35	50	-1
0.755950927734	-0.205553367734	0.621518909931	-1.613608717918
0.082668885589	0.971798300743	0.220850214362	0.100793480873
-0.649387538433	-0.115571901202	0.751624345779	1.226361155510
0.000000000000	0.000000000000	0.000000000000	1.000000000000
36	37	-1
0.964076340199	-0.193500250578	0.181970462203	-0.164407670498
0.156554102898	0.967365086079	0.199237152934	-0.374703109264
-0.214584290981	-0.163591697812	0.962907969952	0.363538503647
0.000000000000	0.000000000000	0.000000000000	1.000000000000
36	48	-1
0.366275876760	-0.227999985218	0.902141153812	-1.981430768967
0.437155306339	0.898024618626	0.049471426755	0.065934665501
-0.821423828602	0.376255214214	0.428596138954	0.638277649879
0.000000000000	0.000000000000	0.000000000000	1.000000000000
36	49	-1
0.876398861408	-0.113730877638	0.467964142561	-1.762306690216
0.178332805634	0.979277670383	-0.095982998610	0.136765271425
-0.447350561619	0.167572543025	0.878519713879	0.261620521545
0.000000000000	0.000000000000	0.000000000000	1.000000000000
37	38	-1
0.904602766037	-0.178963720798	0.386866360903	-0.123000800610
0.237166315317	0.965453267097	-0.107945203781	-0.027687340975
-0.354183137417	0.189399063587	0.915796101093	0.013043403625
0.000000000000	0.000000000000	0.000000000000	1.000000000000
37	49	-1
0.926412761211	-0.020957309753	0.375925570726	-1.713631391525
0.169373422861	0.914916336536	-0.366389036179	0.844007968903
-0.336261659861	0.403099268675	0.851139962673	-0.085205316544
0.000000000000	0.000000000000	0.000000000000	1.000000000000
38	39	-1
0.929277002811	-0.163495212793	0.331230491400	0.168625473976
0.213478922844	0.969503462315	-0.120374076068	0.151943951845
-0.301447957754	0.182571858168	0.935840070248	0.043539524078
0.000000000000	0.000000000000	0.000000000000	1.000000000000
39	40	-1
0.874365568161	-0.150208994746	0.461435079575	-0.255257040262
0.136413350701	0.988625347614	0.063336052001	0.004145354033
-0.465700119734	0.007567118388	0.884910225868	0.000521898270
0.000000000000	0.000000000000	0.000000000000	1.000000000000
40	41	-1
0.997012615204	-0.005320469849	0.077057428658	-0.260418891907
-0.001930999919	0.995596110821	0.093722745776	0.268013119698
-0.077216967940	-0.093591526151	0.992611765862	-0.424735069275
0.000000000000	0.000000000000	0.000000000000	1.000000000000
41	42	-1
0.976537525654	-0.121074065566	0.178088769317	-0.014876216650
0.124475538731	0.992190182209	-0.008011296391	0.234482049942
-0.175727754831	0.029990877956	0.983981788158	-0.371714353561
0.000000000000	0.000000000000	0.000000000000	1.000000000000
41	43	-1
0.823528170586	-0.179076418281	0.538267374039	-0.122446477413
0.280058652163	0.953514099121	-0.111255295575	0.268944352865
-0.493322640657	0.242368444800	0.835398375988	-0.516129255295
0.000000000000	0.000000000000	0.000000000000	1.000000000000
41	44	-1
0.830381751060	-0.141186863184	0.539010524750	-0.502052366734
0.306425601244	0.923657774925	-0.230129212141	0.922703385353
-0.465369999409	0.356261670589	0.810252010822	-1.102217674255
0.000000000000	0.000000000000	0.000000000000	1.000000000000
41	45	-1
0.977200090885	0.000026013773	0.212322771549	0.615820348263
0.119525596499	0.826427876949	-0.550210356712	1.904424905777
-0.175484210253	0.563043117523	0.807581782341	-1.285800218582
0.000000000000	0.000000000000	0.000000000000	1.000000000000
41	46	-1
0.936249613762	-0.052577227354	0.347381740808	0.060828104615
0.152590334415	0.951470077038	-0.267248362303	0.564708232880
-0.316471666098	0.303217917681	0.898835361004	-0.514647960663
0.000000000000	0.000000000000	0.000000000000	1.000000000000
41	47	-1
0.993267655373	-0.079430840909	0.084320530295	0.171293050051
0.094662785530	0.976105451584	-0.195593774319	0.691603600979
-0.066769912839	0.202259123325	0.977053225040	-0.782979369164
0.000000000000	0.000000000000	0.000000000000	1.000000000000
41	48	-1
0.902526736259	0.092099584639	-0.420669704676	0.372571289539
-0.202433273196	0.952937602997	-0.225678414106	0.779231727123
0.380087077618	0.288838416338	0.878695785999	-0.751713871956
0.000000000000	0.000000000000	0.000000000000	1.000000000000
42	43	-1
0.929605960846	-0.061681248248	0.363354891539	-0.077255308628
0.117599338293	0.984002530575	-0.133826225996	-0.033301442862
-0.349287450314	0.167136311531	0.921988904476	-0.196297883987
0.000000000000	0.000000000000	0.000000000000	1.000000000000
42	44	-1
0.932707428932	-0.078862644732	0.351906418800	-0.198496043682
0.167356714606	0.959014654160	-0.228654175997	0.189511388540
-0.319450914860	0.272160917521	0.907678306103	-0.075539112091
0.000000000000	0.000000000000	0.000000000000	1.000000000000
42	45	-1
0.879468798637	-0.074792526662	0.470042914152	-0.490195035934
0.217961952090	0.941224038601	-0.258049786091	0.189744487405
-0.423115581274	0.329398065805	0.844079375267	0.083703279495
0.000000000000	0.000000000000	0.000000000000	1.000000000000
42	46	-1
0.985822021961	0.016977431253	0.166934564710	0.090088754892
0.029486579821	0.961858034134	-0.271953999996	0.293819755316
-0.165184736252	0.273020386696	0.947720408440	-0.150662183762
0.000000000000	0.000000000000	0.000000000000	1.000000000000
42	47	-1
0.992967486382	0.014983482659	-0.117427237332	0.304241001606
-0.035059880465	0.984676003456	-0.170828193426	0.396706610918
0.113067790866	0.173743546009	0.978278279305	-0.354297876358
0.000000000000	0.000000000000	0.000000000000	1.000000000000
42	48	-1
0.710983395576	0.185497239232	-0.678300976753	0.716750144958
-0.328736513853	0.940367341042	-0.087410189211	0.342515528202
0.621638178825	0.285129457712	0.729566335678	-0.166720867157
0.000000000000	0.000000000000	0.000000000000	1.000000000000
43	44	-1
0.998298525810	-0.057128440589	-0.011723699979	-0.141511291265
0.055694162846	0.993535876274	-0.098912224174	0.259005129337
0.017298564315	0.098090812564	0.995027065277	0.040113449097
0.000000000000	0.000000000000	0.000000000000	1.000000000000
43	45	-1
0.991969287395	-0.071337662637	0.104441501200	-0.437097042799
0.085592694581	0.986575782299	-0.139075651765	0.287257224321
-0.093118116260	0.146898135543	0.984758853912	0.075772285461
0.000000000000	0.000000000000	0.000000000000	1.000000000000
43	46	-1
0.977964639664	0.036172747612	-0.205611005425	0.169414997101
-0.059374205768	0.992396652699	-0.107816345990	0.291840881109
0.200147673488	0.117648616433	0.972676753998	0.059400320053
0.000000000000	0.000000000000	0.000000000000	1.000000000000
43	47	-1
0.882268369198	0.066520936787	-0.466023266315	0.453854680061
-0.071528434753	0.997414410114	0.006956377067	0.357708185911
0.465280920267	0.027196174487	0.884745240211	-0.054861307144
0.000000000000	0.000000000000	0.000000000000	1.000000000000
44	45	-1
0.993432164192	-0.018714234233	0.112880446017	-0.289968013763
0.024539394304	0.998425900936	-0.050437234342	0.056232571602
-0.111758850515	0.052876006812	0.992327630520	0.034146547318
0.000000000000	0.000000000000	0.000000000000	1.000000000000
44	46	-1
0.976923644543	0.089724875987	-0.193828359246	0.312298655510
-0.094031691551	0.995482861996	-0.013115838170	0.052997797728
0.191776022315	0.031039185822	0.980947852135	0.008685112000
0.000000000000	0.000000000000	0.000000000000	1.000000000000
44	47	-1
0.892277657986	0.117937967181	-0.435810685158	0.561249494553
-0.071768425405	0.990056693554	0.120987594128	0.051103144884
0.445746779442	-0.076676696539	0.891869068146	-0.116284370422
0.000000000000	0.000000000000	0.000000000000	1.000000000000
45	46	-1
0.942723512650	0.114390783012	-0.313349187374	0.629077136517
-0.102424472570	0.993249714375	0.054446417838	-0.046085923910
0.317461967468	-0.019233286381	0.948075950146	0.049175024033
0.000000000000	0.000000000000	0.000000000000	1.000000000000
45	47	-1
0.829002320766	0.147168695927	-0.539532840252	0.887662291527
-0.052936770022	0.981071352959	0.186269238591	-0.060611784458
0.556733548641	-0.125856578350	0.821101486683	-0.035866498947
0.000000000000	0.000000000000	0.000000000000	1.000000000000
46	47	-1
0.959724724293	0.007944671437	-0.280831038952	0.252697408199
0.020697923377	0.994884014130	0.098879598081	0.051896870136
0.280180066824	-0.100709833205	0.954649984837	-0.180142164230
0.000000000000	0.000000000000	0.000000000000	1.000000000000
46	48	-1
0.639238476753	0.150463864207	-0.754145205021	0.534560441971
-0.127499327064	0.987835943699	0.089015573263	0.075735658407
0.758365571499	0.039250884205	0.650646924973	-0.008784294128
0.000000000000	0.000000000000	0.000000000000	1.000000000000
47	48	-1
0.856793999672	0.163925781846	-0.488910079002	0.179398775101
-0.178556367755	0.983784079552	0.016938054934	0.011579304934
0.483758509159	0.072785578668	0.872169792652	-0.051733493805
0.000000000000	0.000000000000	0.000000000000	1.000000000000
48	49	-1
0.828574836254	0.181250080466	-0.529726862907	0.174820303917
-0.173615217209	0.982687592506	0.064673356712	0.035130769014
0.532278597355	0.038381922990	0.845698654652	-0.097882270813
0.000000000000	0.000000000000	0.000000000000	1.000000000000
48	50	-1
0.630379259586	0.301868081093	-0.715189814568	0.351998567581
-0.256594359875	0.950537085533	0.175037965178	-0.020321935415
0.732652485371	0.073173157871	0.676657319069	-0.135507345200
0.000000000000	0.000000000000	0.000000000000	1.000000000000
49	50	-1
0.963790774345	0.139520987868	-0.227246835828	0.052938252687
-0.126967027783	0.989501893520	0.069027863443	-0.015251509845
0.234492167830	-0.037675660104	0.971387505531	-0.128956794739
0.000000000000	0.000000000000	0.000000000000	1.000000000000
49	51	-1
0.928277015686	0.099202319980	-0.358414381742	0.003349602222
-0.108915939927	0.994026124477	-0.006960907485	-0.175472557545
0.355582952499	0.045498546213	0.933536648750	0.009708404541
0.000000000000	0.000000000000	0.000000000000	1.000000000000
50	51	-1
0.990410983562	-0.050350230187	-0.128652393818	0.021219179034
0.039691213518	0.995665371418	-0.084111765027	-0.211677253246
0.132329463959	0.078198976815	0.988116323948	0.128801345825
0.000000000000	0.000000000000	0.000000000000	1.000000000000
51	55	-1
0.850418031216	0.121537074447	-0.511877179146	1.449425220490
-0.056971531361	0.988503813744	0.140054464340	-0.150598958135
0.523013710976	-0.089942127466	0.847565412521	0.775747656822
0.000000000000	0.000000000000	0.000000000000	1.000000000000
52	53	-1
0.916704833508	0.184412494302	-0.354463905096	0.525223255157
-0.150416567922	0.981135606766	0.121440105140	-0.085628911853
0.370172113180	-0.058007474989	0.927150487900	-0.051609516144
0.000000000000	0.000000000000	0.000000000000	1.000000000000
52	54	-1
0.827604353428	0.171291440725	-0.534537494183	1.032150745392
-0.190256372094	0.981531560421	0.019962524995	-0.033664267510
0.528084278107	0.085178084671	0.844909131527	-0.188553571701
0.000000000000	0.000000000000	0.000000000000	1.000000000000
52	55	-1
0.972064018250	0.052044812590	-0.228871569037	1.226222157478
-0.029171016067	0.994334757328	0.102212592959	-0.132057532668
0.232894659042	-0.092680796981	0.968075573444	-0.202563762665
0.000000000000	0.000000000000	0.000000000000	1.000000000000
53	54	-1
0.985664546490	0.009273352101	-0.168465778232	0.380194783211
-0.035153672099	0.987862825394	-0.151300042868	0.152329772711
0.165018215775	0.155053123832	0.974026620388	-0.306228399277
0.000000000000	0.000000000000	0.000000000000	1.000000000000
53	55	-1
0.978498220444	-0.124091029167	0.164750412107	0.534622669220
0.130589321256	0.991007149220	-0.029172753915	0.172430485487
-0.159648731351	0.050060067326	0.985904157162	-0.385291934013
0.000000000000	0.000000000000	0.000000000000	1.000000000000
53	56	-1
0.880241632462	0.286471277475	-0.378297418356	0.385900437832
-0.201255813241	0.947337567806	0.249093204737	0.291417986155
0.429733425379	-0.143127605319	0.891540050507	-0.356317400932
0.000000000000	0.000000000000	0.000000000000	1.000000000000
53	58	-1
0.725224614143	0.094980850816	-0.681929111481	0.467728048563
-0.268719911575	0.950935602188	-0.153331801295	0.311755806208
0.633907914162	0.294448077679	0.715165078640	-0.539434313774
0.000000000000	0.000000000000	0.000000000000	1.000000000000
54	55	-1
0.932728111744	-0.155203863978	0.325470030308	0.135479569435
0.115849763155	0.983757197857	0.137113615870	-0.019606173038
-0.341463774443	-0.090184018016	0.935558438301	-0.101882219315
0.000000000000	0.000000000000	0.000000000000	1.000000000000
56	57	-1
0.963757574558	-0.009092935361	-0.266620963812	-0.002953648567
-0.122209429741	0.873336911201	-0.471537351608	0.053098440170
0.237137511373	0.487031996250	0.840574443340	-0.218665242195
0.000000000000	0.000000000000	0.000000000000	1.000000000000
56	58	-1
0.963065326214	0.017430070788	-0.268702805042	-0.027105569839
-0.138323679566	0.888192892075	-0.438156843185	0.050704181194
0.231022670865	0.459141701460	0.857798218727	-0.204815626144
0.000000000000	0.000000000000	0.000000000000	1.000000000000
56	59	-1
0.810039460659	0.309083610773	-0.498300671577	0.059262096882
-0.354554146528	0.935028553009	0.003611083142	-0.131270959973
0.467041552067	0.173749297857	0.866996824741	0.237766742706
0.000000000000	0.000000000000	0.000000000000	1.000000000000
57	58	-1
0.999958753586	-0.007299167104	-0.005297258496	-0.005998045206
0.007453771308	0.999531328678	0.029688848183	0.019056111574
0.005078440532	-0.029727190733	0.999544918537	0.016173839569
0.000000000000	0.000000000000	0.000000000000	1.000000000000
58	59	-1
0.941331505775	0.213149234653	-0.261656850576	0.185394614935
-0.095789372921	0.912171006203	0.398456811905	0.039129614830
0.323606282473	-0.350015938282	0.879072308540	0.432993888855
0.000000000000	0.000000000000	0.000000000000	1.000000000000
