0	1	-1
0.999009788036	0.014582481235	-0.042027186602	-0.086987853050
-0.012493727729	0.998693645000	0.049541614950	0.024396955967
0.042694687843	-0.048967447132	0.997887432575	0.471028327942
0.000000000000	0.000000000000	0.000000000000	1.000000000000
0	6	-1
0.664486467838	0.036963514984	-0.746385276318	1.020345211029
0.223446756601	0.943255424500	0.245642244816	0.150189459324
0.713112056255	-0.330003380775	0.618521392345	2.736420869827
0.000000000000	0.000000000000	0.000000000000	1.000000000000
0	8	-1
0.227527245879	0.064141601324	-0.971656680107	2.075018882751
-0.027615062892	0.997851729393	0.059404224157	-0.260797321796
0.973379909992	0.013316092081	0.228809550405	2.938803672791
0.000000000000	0.000000000000	0.000000000000	1.000000000000
0	9	-1
0.059068080038	0.162651941180	-0.984913885593	2.670976400375
-0.006946017500	0.986679553986	0.162526816130	-0.422945976257
0.998229563236	-0.002758824034	0.059411529452	2.720654726028
0.000000000000	0.000000000000	0.000000000000	1.000000000000
0	10	-1
-0.465866655111	0.263927817345	-0.844577014446	2.244204282761
-0.083760835230	0.937040925026	0.339025199413	-0.847527384758
0.880881726742	0.228683218360	-0.414429634809	3.591957092285
0.000000000000	0.000000000000	0.000000000000	1.000000000000
0	11	-1
-0.262662261724	0.396852672100	-0.879497826099	1.766888499260
-0.041485033929	0.906014978886	0.421207547188	-0.716327726841
0.963995575905	0.147121280432	-0.221512809396	3.020671367645
0.000000000000	0.000000000000	0.000000000000	1.000000000000
0	27	-1
0.934254884720	0.089702345431	-0.345140308142	1.335036516190
0.000612809788	0.967440664768	0.253096282482	-0.051654934883
0.356606006622	-0.236667707562	0.903781354427	0.527504682541
0.000000000000	0.000000000000	0.000000000000	1.000000000000
0	28	-1
0.972231924534	0.116113990545	-0.203181132674	1.157132744789
-0.067762352526	0.970711052418	0.230495780706	-0.131699621677
0.223994061351	-0.210327267647	0.951624572277	0.861101627350
0.000000000000	0.000000000000	0.000000000000	1.000000000000
1	2	-1
0.999309957027	-0.001442066394	0.037095818669	-0.115619510412
-0.000682615966	0.998363792896	0.057178918272	-0.050922840834
-0.037117477506	-0.057164978236	0.997674524784	0.834529638290
0.000000000000	0.000000000000	0.000000000000	1.000000000000
1	6	-1
0.583740115166	0.104791067541	-0.805149614811	1.360609054565
0.030846048146	0.988058149815	0.150960698724	-0.098155885935
0.811354041100	-0.112957417965	0.573537230492	2.550308227539
0.000000000000	0.000000000000	0.000000000000	1.000000000000
1	8	-1
0.055269740522	0.046622633934	-0.997381925583	2.097687244415
-0.032330475748	0.998468577862	0.044881906360	-0.358054935932
0.997947812080	0.029765188694	0.056692071259	2.774395465851
0.000000000000	0.000000000000	0.000000000000	1.000000000000
1	9	-1
-0.111674346030	0.206073716283	-0.972142755985	2.595854282379
-0.017492089421	0.977702915668	0.209261447191	-0.644872725010
0.993590712547	0.040374141186	-0.105579711497	2.491966247559
0.000000000000	0.000000000000	0.000000000000	1.000000000000
1	10	-1
-0.448941200972	0.165433526039	-0.878113567829	2.445911169052
-0.063436172903	0.974332153797	0.215992778540	-0.605931520462
0.891307055950	0.152672350407	-0.426923245192	3.070651531219
0.000000000000	0.000000000000	0.000000000000	1.000000000000
1	27	-1
0.952662706375	0.072720080614	-0.295204788446	1.371196627617
-0.010948870331	0.978549599648	0.205720365047	-0.069968044758
0.303832530975	-0.192749992013	0.933023750782	-0.033267974854
0.000000000000	0.000000000000	0.000000000000	1.000000000000
1	28	-1
0.958489716053	0.077741488814	-0.274324595928	1.531817913055
-0.026417082176	0.982186377048	0.186042517424	-0.144550383091
0.283901214600	-0.171073138714	0.943469166756	0.500000238419
0.000000000000	0.000000000000	0.000000000000	1.000000000000
2	3	-1
0.999842762947	0.004681482911	-0.017092356458	0.231337279081
-0.004373002332	0.999827504158	0.018043849617	-0.028144905344
0.017173767090	-0.017966141924	0.999691069126	0.731868267059
0.000000000000	0.000000000000	0.000000000000	1.000000000000
2	5	-1
0.847712159157	0.104252919555	-0.520111262798	0.961012959480
-0.044779408723	0.991061210632	0.125668257475	-0.217258945107
0.528562784195	-0.083239942789	0.844803035259	1.670307397842
0.000000000000	0.000000000000	0.000000000000	1.000000000000
2	8	-1
0.075614690781	0.062024746090	-0.995206534863	2.147817373276
-0.043597321957	0.997314691544	0.058843739331	-0.457238882780
0.996183991432	0.038939133286	0.078115247190	1.843108296394
0.000000000000	0.000000000000	0.000000000000	1.000000000000
3	4	-1
0.980900526047	0.002307723043	-0.194496318698	0.462969392538
0.007532385178	0.998728990555	0.049839198589	-0.072865992785
0.194364130497	-0.050352372229	0.979636251926	0.508533477783
0.000000000000	0.000000000000	0.000000000000	1.000000000000
3	5	-1
0.849769234657	0.079091690481	-0.521188259125	0.766957938671
-0.037208717316	0.995213747025	0.090360388160	-0.155330061913
0.525840401649	-0.057392559946	0.848645210266	0.970403075218
0.000000000000	0.000000000000	0.000000000000	1.000000000000
3	6	-1
0.618038535118	0.155816063285	-0.770551860332	1.142168998718
-0.097784191370	0.987786114216	0.121314033866	-0.204174295068
0.780042886734	0.000371117145	0.625726282597	0.929014682770
0.000000000000	0.000000000000	0.000000000000	1.000000000000
4	5	-1
0.936538159847	0.075848057866	-0.342261314392	0.392176866531
-0.065796531737	0.996993541718	0.040903761983	-0.098839454353
0.344335228205	-0.015788616613	0.938714027405	0.390875220299
0.000000000000	0.000000000000	0.000000000000	1.000000000000
4	6	-1
0.754458725452	0.161694735289	-0.636118590832	0.767622292042
-0.143496140838	0.986368715763	0.080533318222	-0.138596400619
0.640469431877	0.030521493405	0.767377078533	0.285309672356
0.000000000000	0.000000000000	0.000000000000	1.000000000000
4	7	-1
0.523022532463	0.096321359277	-0.846858501434	1.149160027504
-0.152435824275	0.988144814968	0.018246341497	-0.152029782534
0.838576376438	0.119548328221	0.531505167484	0.210196971893
0.000000000000	0.000000000000	0.000000000000	1.000000000000
5	6	-1
0.939132213593	0.098063617945	-0.329263538122	0.310375332832
-0.097074516118	0.995086669922	0.019485749304	-0.007787965238
0.329556524754	0.013663316146	0.944037079811	-0.235643982887
0.000000000000	0.000000000000	0.000000000000	1.000000000000
5	7	-1
0.786704480648	0.064634419978	-0.613936603069	0.667464792728
-0.117376849055	0.992022752762	-0.045968953520	-0.033607441932
0.606067895889	0.108226113021	0.788015604019	-0.431520223618
0.000000000000	0.000000000000	0.000000000000	1.000000000000
5	8	-1
0.660799503326	0.046268939972	-0.749134778976	0.914722084999
-0.133367672563	0.989453256130	-0.056529980153	-0.113216057420
0.738618493080	0.137265235186	0.660000920296	-0.643298864365
0.000000000000	0.000000000000	0.000000000000	1.000000000000
6	7	-1
0.945809125900	-0.002832434140	-0.324710518122	0.306182235479
-0.023486550897	0.996745944023	-0.077106624842	-0.036456309259
0.323872238398	0.080554649234	0.942665219307	-0.302080392838
0.000000000000	0.000000000000	0.000000000000	1.000000000000
6	8	-1
0.872437894344	-0.009651605971	-0.488629400730	0.466293156147
-0.049366220832	0.992951571941	-0.107754744589	-0.093495115638
0.486224979162	0.118130967021	0.865811944008	-0.576604127884
0.000000000000	0.000000000000	0.000000000000	1.000000000000
7	8	-1
0.985225319862	0.016757406294	-0.170440301299	0.042052239180
-0.024464111775	0.998766064644	-0.043216798455	-0.047214984894
0.169505760074	0.046748034656	0.984420001507	-0.316917419434
0.000000000000	0.000000000000	0.000000000000	1.000000000000
9	10	-1
0.990969300270	-0.000774876564	-0.134086623788	0.157063648105
0.001403853064	0.999988138676	0.004597242456	0.022017002106
0.134081572294	-0.004743896425	0.990958869457	-0.042868852615
0.000000000000	0.000000000000	0.000000000000	1.000000000000
9	11	-1
0.970685899258	-0.010164084844	-0.240134567022	0.315190166235
0.034352052957	0.994715273380	0.096755981445	-0.017672061920
0.237881928682	-0.102168835700	0.965905666351	0.603171348572
0.000000000000	0.000000000000	0.000000000000	1.000000000000
10	11	-1
0.998318016529	-0.057626646012	0.006350191310	0.053025528789
0.056767199188	0.993876755238	0.094796866179	-0.057813107967
-0.011774132028	-0.094276912510	0.995476424694	0.584583759308
0.000000000000	0.000000000000	0.000000000000	1.000000000000
14	15	-1
0.996058881283	0.014894125983	-0.087430976331	0.152370303869
-0.012083187699	0.999395668507	0.032596845180	-0.038734391332
0.087864033878	-0.031411841512	0.995637059212	0.125131845474
0.000000000000	0.000000000000	0.000000000000	1.000000000000
14	16	-1
0.992877185345	-0.020670909435	-0.117335453629	0.104342401028
0.027064772323	0.998219072819	0.053158227354	-0.006246477365
0.116027757525	-0.055955238640	0.991668701172	0.176947593689
0.000000000000	0.000000000000	0.000000000000	1.000000000000
14	17	-1
0.940370261669	0.084916539490	-0.329382896423	0.152101099491
-0.077928416431	0.996365904808	0.034386843443	-0.057985074818
0.331105977297	-0.006668070797	0.943570137024	0.690939426422
0.000000000000	0.000000000000	0.000000000000	1.000000000000
15	16	-1
0.998825907707	-0.035280425102	-0.033195629716	-0.022942990065
0.035817224532	0.999234855175	0.015725731850	0.038355730474
0.032615680248	-0.016896085814	0.999325275421	0.052601575851
0.000000000000	0.000000000000	0.000000000000	1.000000000000
15	17	-1
0.968093156815	0.064034454525	-0.242274090648	0.052633225918
-0.068289808929	0.997623264790	-0.009200084955	-0.014718946069
0.241108998656	0.025451319292	0.970164418221	0.554113388062
0.000000000000	0.000000000000	0.000000000000	1.000000000000
16	17	-1
0.974932909012	0.094265878201	-0.201542347670	0.069814294577
-0.103085368872	0.994101643562	-0.033696454018	-0.024566181004
0.197177499533	0.053627926856	0.978899955750	0.491405010223
0.000000000000	0.000000000000	0.000000000000	1.000000000000
17	18	-1
0.966609597206	0.015015329234	-0.255811274052	0.275707304478
0.000238934561	0.998228073120	0.059498559684	-0.038301303983
0.256251752377	-0.057572972029	0.964894115925	0.566402673721
0.000000000000	0.000000000000	0.000000000000	1.000000000000
18	19	-1
0.903206050396	0.054374013096	-0.425749480724	0.227353394032
-0.051180563867	0.998509645462	0.018946314231	-0.052760586143
0.426145017147	0.004677674267	0.904642879963	0.501502275467
0.000000000000	0.000000000000	0.000000000000	1.000000000000
19	20	-1
0.935104489326	0.038078330457	-0.352320492268	0.223384022713
-0.042534250766	0.999083280563	-0.004911320284	-0.046169102192
0.351810306311	0.019578220323	0.935866534710	0.124749660492
0.000000000000	0.000000000000	0.000000000000	1.000000000000
19	21	-1
0.686805784702	0.114609673619	-0.717748463154	0.623568832874
-0.073713384569	0.993381917477	0.088087089360	-0.060662791133
0.723093867302	-0.007591082714	0.690708100796	0.014716386795
0.000000000000	0.000000000000	0.000000000000	1.000000000000
20	21	-1
0.920695841312	0.070035241544	-0.383945435286	0.255687177181
-0.047318223864	0.996541261673	0.068310029805	0.018097341061
0.387401551008	-0.044725082815	0.920825660229	-0.268803119659
0.000000000000	0.000000000000	0.000000000000	1.000000000000
21	22	-1
0.931811630726	0.036355935037	-0.361116617918	0.089456498623
-0.035221409053	0.999331831932	0.009726848453	0.099070474505
0.361229062080	0.003655217355	0.932470023632	-0.079333782196
0.000000000000	0.000000000000	0.000000000000	1.000000000000
22	23	-1
0.990162551403	0.049502886832	-0.130872771144	0.039269641042
-0.035060856491	0.993264436722	0.110438957810	0.055886536837
0.135458230972	-0.104764014482	0.985228836536	0.007009506226
0.000000000000	0.000000000000	0.000000000000	1.000000000000
22	24	-1
0.966431319714	0.042053852230	-0.253458827734	0.064742684364
-0.012005868368	0.992827177048	0.118951894343	0.029050111771
0.256643265486	-0.111915849149	0.960004627705	0.364500761032
0.000000000000	0.000000000000	0.000000000000	1.000000000000
23	24	-1
0.986670196056	0.012006010860	-0.162287622690	0.151655822992
-0.009211251512	0.999796152115	0.017962379381	-0.094745844603
0.162470161915	-0.016228055581	0.986579954624	0.384204626083
0.000000000000	0.000000000000	0.000000000000	1.000000000000
23	25	-1
0.983459115028	0.014629233629	-0.180540069938	0.273443043232
-0.014912792481	0.999888658524	-0.000212688086	-0.128053486347
0.180516868830	0.002901525935	0.983567535877	0.604267120361
0.000000000000	0.000000000000	0.000000000000	1.000000000000
24	25	-1
0.994061470032	0.043039537966	-0.099944859743	0.272014081478
-0.041497487575	0.998986065388	0.017457550392	-0.117204084992
0.100594662130	-0.013206407428	0.994840025902	0.246113538742
0.000000000000	0.000000000000	0.000000000000	1.000000000000
25	26	-1
0.940409779549	0.096494339406	-0.326065838337	0.342974841595
-0.094292066991	0.995288431644	0.022592309862	-0.112387716770
0.326709270477	0.009499395266	0.945077300072	0.386924505234
0.000000000000	0.000000000000	0.000000000000	1.000000000000
26	27	-1
0.951078951359	0.069576658309	-0.301011413336	0.275187849998
-0.066981591284	0.997574448586	0.018946802244	-0.110423803329
0.301599502563	0.002142267535	0.953432500362	0.335795402527
0.000000000000	0.000000000000	0.000000000000	1.000000000000
26	28	-1
0.973932743073	0.063487544656	-0.217772454023	0.280609607697
-0.064788140357	0.997898399830	0.001170014497	-0.276618033648
0.217389240861	0.012969590724	0.975998878479	0.770534276962
0.000000000000	0.000000000000	0.000000000000	1.000000000000
27	28	-1
0.997423112392	0.009986995719	0.071047283709	0.184494733810
-0.006446543150	0.998733997345	-0.049887381494	-0.084436088800
-0.071455717087	0.049300730228	0.996224641800	0.408662080765
0.000000000000	0.000000000000	0.000000000000	1.000000000000
29	30	-1
0.330679118633	-0.127321451902	0.935115456581	-1.610895991325
0.044112276286	0.991860210896	0.119448430836	0.096157371998
-0.942711412907	0.001750950469	0.333604037762	1.527273535728
0.000000000000	0.000000000000	0.000000000000	1.000000000000
30	31	-1
0.952075421810	-0.018770657480	0.305287569761	-0.080439865589
0.019121054560	0.999815940857	0.001842260710	-0.027974128723
-0.305265963078	0.004083476495	0.952258646488	0.688616752625
0.000000000000	0.000000000000	0.000000000000	1.000000000000
31	32	-1
0.830348432064	-0.026732575148	0.556602716446	-0.434182584286
0.038719825447	0.999202311039	-0.009772961028	0.062670186162
-0.555897295475	0.029666572809	0.830721378326	0.274582982063
0.000000000000	0.000000000000	0.000000000000	1.000000000000
31	33	-1
0.658873200417	-0.072671987116	0.748735189438	-0.972624778748
0.092258691788	0.995615661144	0.015447787941	0.134177327156
-0.746574938297	0.058899212629	0.662688791752	0.176010608673
0.000000000000	0.000000000000	0.000000000000	1.000000000000
31	34	-1
0.477673918009	-0.016354687512	0.878385365009	-1.316560506821
0.077622897923	0.996702194214	-0.023654269055	-0.003933131695
-0.875101745129	0.079481676221	0.477367848158	0.275103926659
0.000000000000	0.000000000000	0.000000000000	1.000000000000
31	35	-1
0.449426949024	0.112419985235	0.886215031147	-1.387717008591
0.095136895776	0.980384707451	-0.172613129020	0.106360793114
-0.888236820698	0.161888852715	0.429915785789	0.289745569229
0.000000000000	0.000000000000	0.000000000000	1.000000000000
31	36	-1
0.568488657475	0.138433456421	0.810959935188	-1.384203672409
0.080512776971	0.971647262573	-0.222303330898	0.059207186103
-0.818741440773	0.191669657826	0.541225433350	0.245636224747
0.000000000000	0.000000000000	0.000000000000	1.000000000000
31	37	-1
0.516333341599	0.002477325732	0.856383621693	-1.377285242081
0.030533397570	0.999306917191	-0.021300276741	0.110379554331
-0.855842471123	0.037146363407	0.515900194645	0.262345910072
0.000000000000	0.000000000000	0.000000000000	1.000000000000
32	33	-1
0.965352356434	-0.047946903855	0.256506085396	-0.395742744207
0.045236147940	0.998840332031	0.016461189836	0.074179261923
-0.256997734308	-0.004287331365	0.966402351856	-0.381951808929
0.000000000000	0.000000000000	0.000000000000	1.000000000000
32	34	-1
0.875695466995	-0.002043080749	0.482859104872	-0.798523902893
0.026617180556	0.998674929142	-0.044046703726	-0.028888471425
-0.482129007578	0.051423951983	0.874589383602	-0.472832679749
0.000000000000	0.000000000000	0.000000000000	1.000000000000
32	35	-1
0.873098075390	0.041920602322	0.485738992691	-0.792180180550
0.064628489316	0.977552831173	-0.200532406569	0.127399712801
-0.483242124319	0.206477075815	0.850790560246	-0.513214349747
0.000000000000	0.000000000000	0.000000000000	1.000000000000
32	36	-1
0.930825769901	0.058701798320	0.360717177391	-0.770997703075
0.027778621763	0.972795605659	-0.229991629720	0.025317415595
-0.364404559135	0.224102705717	0.903873264790	-0.555693387985
0.000000000000	0.000000000000	0.000000000000	1.000000000000
32	37	-1
0.899436771870	0.022276043892	0.436483293772	-0.813828170300
-0.011222999543	0.999547779560	-0.027884559706	0.073192931712
-0.436907321215	0.020181493834	0.899280309677	-0.527810335159
0.000000000000	0.000000000000	0.000000000000	1.000000000000
33	34	-1
0.969790041447	0.004265690222	0.243902653456	-0.378590732813
0.016626823694	0.996365904808	-0.083536192775	-0.034136474133
-0.243372470140	0.085067972541	0.966195225716	-0.193796396255
0.000000000000	0.000000000000	0.000000000000	1.000000000000
33	35	-1
0.968445718288	0.014420958236	0.248807236552	-0.361595749855
0.044954165816	0.971841573715	-0.231305792928	0.091796427965
-0.245136827230	0.235192060471	0.940527915955	-0.221198320389
0.000000000000	0.000000000000	0.000000000000	1.000000000000
33	36	-1
0.992989063263	0.035324938595	0.112808488309	-0.328947454691
-0.006263137329	0.968687653542	-0.248203232884	-0.037283957005
-0.118044570088	0.245756521821	0.962117254734	-0.270367860794
0.000000000000	0.000000000000	0.000000000000	1.000000000000
33	37	-1
0.980377674103	0.045917298645	0.191704630852	-0.373585999012
-0.034635994583	0.997488081455	-0.061791777611	0.052151679993
-0.194060251117	0.053939461708	0.979505419731	-0.245204210281
0.000000000000	0.000000000000	0.000000000000	1.000000000000
34	35	-1
0.999884426594	-0.014694043435	0.003866668791	0.033521294594
0.015099578537	0.989310204983	-0.145044952631	0.096495896578
-0.001693802769	0.145086571574	0.989417374134	-0.037160158157
0.000000000000	0.000000000000	0.000000000000	1.000000000000
34	36	-1
0.992030739784	-0.012918380089	-0.125332310796	0.061139672995
-0.008388510905	0.985750854015	-0.168002232909	-0.004273429513
0.125716641545	0.167714685202	0.977787017822	-0.059976339340
0.000000000000	0.000000000000	0.000000000000	1.000000000000
34	37	-1
0.997252583504	0.052726447582	-0.052014715970	0.017651170492
-0.051523447037	0.998378515244	0.024203963578	0.078582033515
0.053207021207	-0.021457413211	0.998353123665	-0.053980827332
0.000000000000	0.000000000000	0.000000000000	1.000000000000
35	36	-1
0.991013944149	-0.004681736697	-0.133673802018	0.039534568787
0.001789516537	0.999762594700	-0.021748280153	-0.108387634158
0.133743911982	0.021313551813	0.990786612034	-0.006569385529
0.000000000000	0.000000000000	0.000000000000	1.000000000000
35	37	-1
0.996091783047	0.069761209190	-0.054174136370	-0.019501030445
-0.058909982443	0.981716275215	0.181005865335	-0.062456928194
0.065810889006	-0.177107036114	0.981988966465	-0.012393712997
0.000000000000	0.000000000000	0.000000000000	1.000000000000
36	37	-1
0.996619701385	0.037415329367	0.073142677546	-0.039713829756
-0.051076959819	0.979489505291	0.194912239909	0.070587038994
-0.064349748194	-0.197988942266	0.978089749813	0.000896692276
0.000000000000	0.000000000000	0.000000000000	1.000000000000
