0	1	-1
0.997599601746	0.058552697301	-0.036965876818	-0.124777860940
-0.057767201215	0.998088657856	0.021967001259	-0.045891970396
0.038181643933	-0.019778339192	0.999075412750	0.114274263382
0.000000000000	0.000000000000	0.000000000000	1.000000000000
0	2	-1
0.960071206093	0.145434543490	-0.238980248570	-0.398813337088
-0.127658098936	0.987876355648	0.088337652385	-0.220392078161
0.248929783702	-0.054302729666	0.966997861862	0.334394693375
0.000000000000	0.000000000000	0.000000000000	1.000000000000
0	3	-1
0.935252606869	0.122379109263	-0.332155674696	-0.293498992920
-0.145973145962	0.988174378872	-0.046935942024	-0.529721021652
0.322483420372	0.092382818460	0.942056298256	0.591930508614
0.000000000000	0.000000000000	0.000000000000	1.000000000000
0	4	-1
0.980812907219	-0.093260951340	0.171197131276	-0.059418052435
0.104776225984	0.992715358734	-0.059488315135	-0.500121474266
-0.164402037859	0.076284825802	0.983439445496	0.500961303711
0.000000000000	0.000000000000	0.000000000000	1.000000000000
0	5	-1
0.945268809795	-0.216665923595	0.243974372745	0.144269347191
0.246077015996	0.964387178421	-0.096973396838	-0.238293111324
-0.214274808764	0.151702567935	0.964921057224	0.323738813400
0.000000000000	0.000000000000	0.000000000000	1.000000000000
0	6	-1
0.957672953606	-0.142818957567	0.249931693077	0.408294528723
0.164064452052	0.984223842621	-0.066233165562	-0.010522603989
-0.236529111862	0.104434527457	0.965995669365	0.300897836685
0.000000000000	0.000000000000	0.000000000000	1.000000000000
0	10	-1
0.999407112598	-0.023689620197	-0.025005243719	0.754489421844
0.021952897310	0.997472763062	-0.067574582994	-0.169310450554
0.026543110609	0.066985152662	0.997400999069	0.182959794998
0.000000000000	0.000000000000	0.000000000000	1.000000000000
0	11	-1
0.976655721664	-0.208122149110	0.053181782365	0.477448523045
0.209974929690	0.977184116840	-0.031958505511	-0.229521393776
-0.045317161828	0.042378965765	0.998073339462	0.369514703751
0.000000000000	0.000000000000	0.000000000000	1.000000000000
0	12	-1
0.985666632652	-0.154320046306	-0.068167187274	0.187292739749
0.153582498431	0.988006711006	-0.015961321071	-0.347644567490
0.069812804461	0.005262963474	0.997546136379	0.657877087593
0.000000000000	0.000000000000	0.000000000000	1.000000000000
0	13	-1
0.981675982475	-0.093623109162	-0.165973916650	-0.109166979790
0.094036810100	0.995554208755	-0.005378867965	-0.438408851624
0.165739879012	-0.010327529162	0.986115515232	0.681147813797
0.000000000000	0.000000000000	0.000000000000	1.000000000000
0	14	-1
0.976794421673	-0.206338956952	-0.057404529303	-0.262073576450
0.209245786071	0.976570546627	0.050269536674	-0.556658744812
0.045687127858	-0.061114769429	0.997084796429	0.935627102852
0.000000000000	0.000000000000	0.000000000000	1.000000000000
0	15	-1
0.869021415710	-0.436752468348	0.232483565807	-0.064767777920
0.392493069172	0.894623219967	0.213538408279	-0.653793692589
-0.301248580217	-0.094321116805	0.948869407177	1.040326952934
0.000000000000	0.000000000000	0.000000000000	1.000000000000
0	19	-1
0.808689415455	-0.373666405678	0.454307556152	0.123636484146
0.410362988710	0.911715626717	0.019416635856	-0.188584208488
-0.421454608440	0.170728847384	0.890633463860	0.281502366066
0.000000000000	0.000000000000	0.000000000000	1.000000000000
0	26	-1
0.785695552826	0.149607807398	-0.600250422955	2.409929275513
-0.145094096661	0.987815558910	0.056285273284	-0.376614302397
0.601357519627	0.042869586498	0.797828972340	0.700181365013
0.000000000000	0.000000000000	0.000000000000	1.000000000000
0	27	-1
0.246240124106	0.345088154078	-0.905693531036	2.117259263992
-0.322647660971	0.910353720188	0.259141981602	-0.783169627190
0.913927674294	0.228408604860	0.335507839918	1.407202601433
0.000000000000	0.000000000000	0.000000000000	1.000000000000
0	28	-1
0.134598791599	0.358995467424	-0.923583090305	1.535099029541
-0.296088784933	0.904052972794	0.308253288269	-1.019896864891
0.945629179478	0.231971785426	0.227979078889	1.742412686348
0.000000000000	0.000000000000	0.000000000000	1.000000000000
0	29	-1
0.161190465093	0.382972240448	-0.909587264061	0.968488276005
-0.314596414566	0.893499910831	0.320448130369	-1.246643781662
0.935439348221	0.234499856830	0.264504879713	1.859667539597
0.000000000000	0.000000000000	0.000000000000	1.000000000000
0	31	-1
-0.236540764570	0.491676419973	-0.838034868240	0.089290916920
-0.464208602905	0.700516998768	0.542020380497	-1.237714767456
0.853556275368	0.517233133316	0.062539510429	1.972608923912
0.000000000000	0.000000000000	0.000000000000	1.000000000000
0	32	-1
-0.858983814716	0.377710878849	-0.345660239458	-0.104483932257
-0.188343137503	0.394672781229	0.899310886860	-1.218887090683
0.476102203131	0.837596535683	-0.267878472805	1.993379950523
0.000000000000	0.000000000000	0.000000000000	1.000000000000
0	37	-1
0.347094386816	-0.669993519783	0.656227290630	-0.241180479527
0.512820541859	0.721442937851	0.465334057808	-1.101080179214
-0.785201013088	0.175011917949	0.593995094299	1.183248877525
0.000000000000	0.000000000000	0.000000000000	1.000000000000
0	38	-1
0.674638867378	-0.559979081154	0.480923056602	-0.452073037624
0.399149328470	0.824807167053	0.400465399027	-0.812132894993
-0.620921075344	-0.078209273517	0.779961705208	0.684080481529
0.000000000000	0.000000000000	0.000000000000	1.000000000000
0	39	-1
0.689882874489	-0.484484761953	0.537899613380	-0.350214004517
0.328439623117	0.871635675430	0.363839656115	-0.658429265022
-0.645126879215	-0.074339024723	0.760450303555	0.367319583893
0.000000000000	0.000000000000	0.000000000000	1.000000000000
0	41	-1
0.973190128803	-0.068127460778	-0.219681307673	-0.572353541851
-0.016702413559	0.931670606136	-0.362919926643	-0.287771433592
0.229395478964	0.356859207153	0.905554890633	0.004644393921
0.000000000000	0.000000000000	0.000000000000	1.000000000000
1	2	-1
0.973358333111	0.058578394353	-0.221680611372	-0.234701886773
-0.050029482692	0.997779071331	0.043986666948	-0.185799419880
0.223764747381	-0.031724117696	0.974126577377	0.227130055428
0.000000000000	0.000000000000	0.000000000000	1.000000000000
1	3	-1
0.954304516315	0.053992010653	-0.293917596340	-0.125920951366
-0.085977301002	0.991563260555	-0.097007118165	-0.486058294773
0.286199986935	0.117844633758	0.950895369053	0.462561368942
0.000000000000	0.000000000000	0.000000000000	1.000000000000
1	4	-1
0.964003920555	-0.157555595040	0.214180186391	0.100798636675
0.176788181067	0.981485784054	-0.073704056442	-0.441222429276
-0.198602065444	0.108915627003	0.974009752274	0.371098041534
0.000000000000	0.000000000000	0.000000000000	1.000000000000
1	5	-1
0.921800911427	-0.251413494349	0.295081019402	0.265040785074
0.292964547873	0.950281202793	-0.105534575880	-0.162407398224
-0.253876894712	0.183730244637	0.949626207352	0.189723253250
0.000000000000	0.000000000000	0.000000000000	1.000000000000
1	10	-1
0.994541525841	-0.103208325803	0.015302871354	0.889876365662
0.104213915765	0.989742994308	-0.097709178925	-0.033817708492
-0.005061775446	0.098769977689	0.995097398758	0.031744480133
0.000000000000	0.000000000000	0.000000000000	1.000000000000
1	11	-1
0.956530451775	-0.275477528572	0.095712929964	0.608767092228
0.281166642904	0.958254933357	-0.051891766489	-0.131611764431
-0.077422216535	0.076547436416	0.994055569172	0.223924398422
0.000000000000	0.000000000000	0.000000000000	1.000000000000
1	12	-1
0.975166976452	-0.220504552126	-0.020647261292	0.329204887152
0.219393685460	0.974554598331	-0.045929968357	-0.274651348591
0.030249590054	0.040259651840	0.998731017113	0.514829754829
0.000000000000	0.000000000000	0.000000000000	1.000000000000
1	13	-1
0.977048099041	-0.174297153950	-0.122460827231	0.040854908526
0.169614881277	0.984352767467	-0.047755941749	-0.374571382999
0.128868311644	0.025888811797	0.991323709488	0.546593666077
0.000000000000	0.000000000000	0.000000000000	1.000000000000
1	14	-1
0.960000991821	-0.279537290335	-0.016057992354	-0.088528722525
0.279787808657	0.959922552109	0.016345992684	-0.511900126934
0.010845030658	-0.020185252652	0.999737262726	0.798799753189
0.000000000000	0.000000000000	0.000000000000	1.000000000000
1	26	-1
0.987305641174	-0.140459418297	-0.074150137603	1.844501614571
0.138717234135	0.989931523800	-0.028164554387	0.204936429858
0.077359430492	0.017521174625	0.996849358082	-0.476666688919
0.000000000000	0.000000000000	0.000000000000	1.000000000000
1	27	-1
0.430300354958	0.223571941257	-0.874561011791	2.364619016647
-0.277667641640	0.954651713371	0.107428684831	-0.402394771576
0.858919441700	0.196611106396	0.472865670919	0.970013737679
0.000000000000	0.000000000000	0.000000000000	1.000000000000
1	28	-1
0.429689049721	0.203013166785	-0.879859566689	1.915063381195
-0.234365835786	0.966080009937	0.108451925218	-0.623789668083
0.872031986713	0.159608229995	0.462693393230	1.206301450729
0.000000000000	0.000000000000	0.000000000000	1.000000000000
1	29	-1
0.265272349119	0.262741833925	-0.927684545517	1.312904119492
-0.321235567331	0.931267321110	0.171898841858	-1.029887676239
0.909086823463	0.252404659986	0.331441819668	1.660582184792
0.000000000000	0.000000000000	0.000000000000	1.000000000000
1	31	-1
0.782737612724	0.233084052801	-0.577055394650	1.258319854736
-0.145620167255	0.970072031021	0.194306313992	-0.964326858521
0.605074822903	-0.068060025573	0.793254137039	1.556958079338
0.000000000000	0.000000000000	0.000000000000	1.000000000000
1	32	-1
0.468817919493	0.631983101368	-0.617095470428	1.292711973190
-0.297012418509	0.770739793777	0.563688158989	-1.108967542648
0.831861078739	-0.080981992185	0.549043476582	1.593175053596
0.000000000000	0.000000000000	0.000000000000	1.000000000000
1	40	-1
0.983377456665	-0.107700251043	-0.146181181073	-0.338553130627
0.039251442999	0.912144899368	-0.407984435558	0.033336818218
0.177277892828	0.395464867353	0.901210427284	-0.357932090759
0.000000000000	0.000000000000	0.000000000000	1.000000000000
1	41	-1
0.974192261696	-0.159539118409	-0.159678369761	-0.419680863619
0.073532328010	0.893134355545	-0.443738043308	-0.154380023479
0.213408127427	0.420544415712	0.881815791130	-0.101112842560
0.000000000000	0.000000000000	0.000000000000	1.000000000000
2	3	-1
0.996800780296	0.035980459303	-0.071367114782	0.179235279560
-0.046023499221	0.988435149193	-0.144493743777	-0.291012018919
0.065342701972	0.147315889597	0.986928582191	0.201573371887
0.000000000000	0.000000000000	0.000000000000	1.000000000000
2	11	-1
0.905445873737	-0.292669206858	0.307429671288	0.844217836857
0.336408495903	0.936467289925	-0.099287919700	0.154405415058
-0.258839398623	0.193322062492	0.946376800537	-0.170879364014
0.000000000000	0.000000000000	0.000000000000	1.000000000000
2	12	-1
0.946202635765	-0.260603278875	0.191798016429	0.646415948868
0.281526654959	0.955233275890	-0.090949557722	-0.033636629581
-0.159509807825	0.140053391457	0.977211117744	0.164684057236
0.000000000000	0.000000000000	0.000000000000	1.000000000000
2	13	-1
0.972185790539	-0.217826142907	0.086058363318	0.390288352966
0.225717678666	0.969440698624	-0.096104696393	-0.163072913885
-0.062494874001	0.112856440246	0.991643905640	0.250376105309
0.000000000000	0.000000000000	0.000000000000	1.000000000000
2	14	-1
0.927536666393	-0.322526425123	0.188817217946	0.321871578693
0.333453059196	0.942338764668	-0.028391731903	-0.305461019278
-0.168772965670	0.089296482503	0.981601595879	0.517163991928
0.000000000000	0.000000000000	0.000000000000	1.000000000000
2	26	-1
0.911629617214	0.054909065366	-0.407328844070	2.809051513672
-0.097401916981	0.991667151451	-0.084313623607	0.261723905802
0.399305135012	0.116537645459	0.909381449223	-0.333986520767
0.000000000000	0.000000000000	0.000000000000	1.000000000000
2	27	-1
0.575958132744	0.248240560293	-0.778876960278	2.679114818573
-0.300366342068	0.950396180153	0.080794528127	-0.167072623968
0.760298132896	0.187413811684	0.621951103210	0.224635601044
0.000000000000	0.000000000000	0.000000000000	1.000000000000
2	28	-1
0.425485849380	0.299479931593	-0.853975415230	2.310675144196
-0.327475517988	0.930657863617	0.163209497929	-0.609404921532
0.843636095524	0.210212185979	0.494053751230	0.796966552734
0.000000000000	0.000000000000	0.000000000000	1.000000000000
2	29	-1
0.485423296690	0.278992265463	-0.828569352627	1.855306625366
-0.316606491804	0.939487516880	0.130854099989	-0.833770453930
0.814937949181	0.198810815811	0.544380307198	1.009153604507
0.000000000000	0.000000000000	0.000000000000	1.000000000000
2	30	-1
0.200985014439	0.399990797043	-0.894210517406	1.365084052086
-0.466922938824	0.841586649418	0.271504849195	-1.100287318230
0.861155152321	0.362959057093	0.355911165476	1.304768800735
0.000000000000	0.000000000000	0.000000000000	1.000000000000
2	31	-1
-0.063590615988	0.584097623825	-0.809188723564	0.893756508827
-0.560399174690	0.650023996830	0.513246476650	-1.149505138397
0.825778007507	0.486106365919	0.285992205143	1.402479648590
0.000000000000	0.000000000000	0.000000000000	1.000000000000
2	40	-1
0.995236217976	-0.046973295510	0.085428170860	-0.269439220428
0.079226680100	0.900328218937	-0.427939683199	0.198164880276
-0.056811287999	0.432669341564	0.899760961533	-0.534705638885
0.000000000000	0.000000000000	0.000000000000	1.000000000000
2	41	-1
0.994521141052	-0.092450425029	0.048786535859	-0.225158810616
0.104525111616	0.885313928127	-0.453093409538	-0.013820052147
-0.001302694902	0.455710351467	0.890127182007	-0.284315109253
0.000000000000	0.000000000000	0.000000000000	1.000000000000
2	42	-1
0.988195359707	-0.087428897619	0.125802904367	-0.073470890522
0.133022889495	0.897011756897	-0.421515166759	-0.238469719887
-0.075993865728	0.433273702860	0.898052811623	0.121494770050
0.000000000000	0.000000000000	0.000000000000	1.000000000000
3	4	-1
0.847101151943	-0.199119433761	0.492718249559	0.167872369289
0.197101980448	0.978743731976	0.056668750942	0.039249628782
-0.493528574705	0.049111723900	0.868341743946	-0.159696340561
0.000000000000	0.000000000000	0.000000000000	1.000000000000
3	5	-1
0.779528200626	-0.248592078686	0.574923574924	0.238525986671
0.295295029879	0.955321371555	0.012686985545	0.324011474848
-0.552391588688	0.159882366657	0.818108022213	-0.407627582550
0.000000000000	0.000000000000	0.000000000000	1.000000000000
3	10	-1
0.934669613838	-0.132222309709	0.330016404390	0.743231296539
0.129299059510	0.991124510765	0.030899014324	0.418645739555
-0.331172734499	0.013790587895	0.943469643593	-0.750272750854
0.000000000000	0.000000000000	0.000000000000	1.000000000000
3	11	-1
0.865377604961	-0.317413181067	0.387776851654	0.574489831924
0.312555193901	0.946738123894	0.077438220382	0.340899288654
-0.391703337431	0.054187916219	0.918495059013	-0.482901573181
0.000000000000	0.000000000000	0.000000000000	1.000000000000
3	12	-1
0.921465039253	-0.287636220455	0.261089682579	0.444216400385
0.278179973364	0.957725882530	0.073321059346	0.230604544282
-0.271141588688	0.005067795515	0.962525784969	-0.106784820557
0.000000000000	0.000000000000	0.000000000000	1.000000000000
3	13	-1
0.954376220703	-0.251711100340	0.160648465157	0.193738132715
0.245465174317	0.967672526836	0.057937979698	0.131315141916
-0.170038670301	-0.015860917047	0.985309839249	0.019235134125
0.000000000000	0.000000000000	0.000000000000	1.000000000000
3	14	-1
0.897274255753	-0.355280846357	0.262060612440	0.144655406475
0.331542849541	0.934245347977	0.131399407983	0.016499921679
-0.291512757540	-0.031017184258	0.956064283848	0.311771035194
0.000000000000	0.000000000000	0.000000000000	1.000000000000
3	26	-1
0.939190506935	0.061115462333	-0.337915420532	2.599616289139
-0.031247101724	0.995162725449	0.093138746917	0.359029412270
0.341972827911	-0.076916106045	0.936556696892	-0.779991388321
0.000000000000	0.000000000000	0.000000000000	1.000000000000
3	27	-1
0.628701329231	0.238602191210	-0.740138053894	2.506970643997
-0.165805503726	0.971010148525	0.172187641263	0.127175644040
0.759765386581	0.014464831911	0.650036811829	-0.164067745209
0.000000000000	0.000000000000	0.000000000000	1.000000000000
3	28	-1
0.501459538937	0.263144582510	-0.824192583561	2.185017585754
-0.172131061554	0.963924467564	0.203029692173	-0.142219394445
0.847885549068	0.040058612823	0.528665184975	0.462906002998
0.000000000000	0.000000000000	0.000000000000	1.000000000000
3	29	-1
0.554453969002	0.245041862130	-0.795320808887	1.759375572205
-0.183083802462	0.968170583248	0.170661807060	-0.328669607639
0.811825633049	0.050986368209	0.581669688225	0.747422814369
0.000000000000	0.000000000000	0.000000000000	1.000000000000
3	30	-1
0.310649663210	0.390142649412	-0.866767287254	1.008397579193
-0.333373546600	0.898678600788	0.285025060177	-0.431676536798
0.890145480633	0.200414150953	0.409237235785	0.754877090454
0.000000000000	0.000000000000	0.000000000000	1.000000000000
3	40	-1
0.984505236149	-0.077759683132	0.157173991203	-0.489575147629
0.121503554285	0.948765575886	-0.291684299707	0.367373794317
-0.126439973712	0.306262284517	0.943512856960	-0.767919898033
0.000000000000	0.000000000000	0.000000000000	1.000000000000
3	41	-1
0.985290050507	-0.114287823439	0.127050340176	-0.437698483467
0.150252893567	0.933537781239	-0.325469344854	0.218257457018
-0.081409007311	0.339771866798	0.936977982521	-0.490356206894
0.000000000000	0.000000000000	0.000000000000	1.000000000000
3	42	-1
0.972530901432	-0.099630840123	0.210375070572	-0.266787350178
0.158374756575	0.945551574230	-0.284341245890	0.044291019440
-0.170591026545	0.309848815203	0.935356736183	-0.061484098434
0.000000000000	0.000000000000	0.000000000000	1.000000000000
3	43	-1
0.986763119698	-0.114468067884	0.114876680076	-0.105104595423
0.143517091870	0.946232438087	-0.289910137653	-0.112672924995
-0.075514674187	0.302559554577	0.950134694576	0.320506095886
0.000000000000	0.000000000000	0.000000000000	1.000000000000
3	44	-1
0.912077903748	-0.112073935568	0.394403487444	-0.092613101006
0.200596183538	0.960907220840	-0.190836697817	-0.260168164968
-0.357597291470	0.253173679113	0.898903191090	0.679734587669
0.000000000000	0.000000000000	0.000000000000	1.000000000000
3	45	-1
0.837034821510	-0.139524042606	0.529061853886	0.080326199532
0.245094954967	0.960115015507	-0.134565219283	-0.337056487799
-0.489185363054	0.242305845022	0.837845861912	0.893990755081
0.000000000000	0.000000000000	0.000000000000	1.000000000000
4	5	-1
0.987892925739	-0.141067728400	0.064547948539	0.261664241552
0.144016936421	0.988616049290	-0.043557651341	0.231201380491
-0.057668529451	0.052326105535	0.996963441372	-0.157372713089
0.000000000000	0.000000000000	0.000000000000	1.000000000000
4	6	-1
0.996019124985	-0.071174435318	0.053665287793	0.589798390865
0.071768328547	0.997379004955	-0.009218357503	0.428464442492
-0.052868712693	0.013033372350	0.998516499996	-0.147502899170
0.000000000000	0.000000000000	0.000000000000	1.000000000000
4	7	-1
0.998357892036	-0.052970759571	0.021810417995	0.926859855652
0.052034251392	0.997784435749	0.041468471289	0.496289670467
-0.023958796635	-0.040265500546	0.998902022839	-0.331582784653
0.000000000000	0.000000000000	0.000000000000	1.000000000000
4	9	-1
0.990980386734	0.102153681219	0.086730167270	1.384627819061
-0.104025915265	0.994423806667	0.017331358045	0.240781873465
-0.084476336837	-0.026196915656	0.996081233025	-0.266722679138
0.000000000000	0.000000000000	0.000000000000	1.000000000000
4	10	-1
0.978890240192	0.064205683768	-0.194040358067	0.877042949200
-0.062758140266	0.997936010361	0.013604678214	0.228617221117
0.194513455033	-0.001139934990	0.980899214745	-0.194404125214
0.000000000000	0.000000000000	0.000000000000	1.000000000000
4	11	-1
0.984561145306	-0.124187946320	-0.123355917633	0.594905018806
0.130576491356	0.990411937237	0.045099496841	0.203073590994
0.116572163999	-0.060510750860	0.991337299347	-0.047674179077
0.000000000000	0.000000000000	0.000000000000	1.000000000000
4	12	-1
0.969858467579	-0.054322078824	-0.237535044551	0.233923077583
0.074131079018	0.994404077530	0.075267255306	0.119120419025
0.232117161155	-0.090607285500	0.968458354473	0.182384729385
0.000000000000	0.000000000000	0.000000000000	1.000000000000
4	13	-1
0.945299863815	-0.008517780341	-0.326090991497	-0.082612395287
0.038861166686	0.995480120182	0.086651623249	0.069727048278
0.323879241943	-0.094583660364	0.941358566284	0.159434556961
0.000000000000	0.000000000000	0.000000000000	1.000000000000
4	14	-1
0.972429752350	-0.099176354706	-0.211052402854	-0.286766171455
0.129702627659	0.982170939445	0.136075034738	-0.013749569654
0.193794250488	-0.159698039293	0.967956423759	0.394447684288
0.000000000000	0.000000000000	0.000000000000	1.000000000000
4	15	-1
0.950414836407	-0.298855036497	0.086007043719	-0.088821560144
0.268159836531	0.927625119686	0.260007053614	-0.098279088736
-0.157486468554	-0.224050432444	0.961768984795	0.534635066986
0.000000000000	0.000000000000	0.000000000000	1.000000000000
4	18	-1
0.739041626453	-0.367747098207	0.564428567886	0.046523451805
0.335545748472	0.927472949028	0.164933472872	0.011709086597
-0.584146082401	0.067498922348	0.808837234974	0.138084292412
0.000000000000	0.000000000000	0.000000000000	1.000000000000
4	19	-1
0.905927896500	-0.306634515524	0.292009592056	0.262530744076
0.305341511965	0.950865685940	0.051199492067	0.275157511234
-0.293361276388	0.042779397219	0.955044209957	-0.205816984177
0.000000000000	0.000000000000	0.000000000000	1.000000000000
4	20	-1
0.925421416759	-0.215432018042	0.311743199825	0.454642474651
0.165337324142	0.969788908958	0.179368212819	0.173469901085
-0.340966671705	-0.114448420703	0.933082640171	-0.872065544128
0.000000000000	0.000000000000	0.000000000000	1.000000000000
4	25	-1
0.873049020767	0.075169786811	-0.481804281473	2.507899284363
0.015933448449	0.983122348785	0.182256072760	0.102554403245
0.487372398376	-0.166795507073	0.857115805149	0.190384149551
0.000000000000	0.000000000000	0.000000000000	1.000000000000
4	26	-1
0.652046680450	0.225562185049	-0.723849236965	2.433023214340
-0.144517078996	0.974192500114	0.173390999436	-0.056234702468
0.744278848171	-0.008450619876	0.667815864086	0.621470928192
0.000000000000	0.000000000000	0.000000000000	1.000000000000
4	27	-1
0.090336255729	0.380099356174	-0.920523822308	1.979977250099
-0.259794563055	0.901294231415	0.346663981676	-0.372008025646
0.961429297924	0.207830816507	0.180167943239	1.223158121109
0.000000000000	0.000000000000	0.000000000000	1.000000000000
4	37	-1
0.542816519737	-0.619351446629	0.567232787609	-0.332136213779
0.409708470106	0.784859776497	0.464902311563	-0.543300926685
-0.733136057854	-0.019956847653	0.679788708687	0.656982660294
0.000000000000	0.000000000000	0.000000000000	1.000000000000
4	38	-1
0.778654456139	-0.502128899097	0.376250624657	-0.415936559439
0.310235470533	0.829319119453	0.464740186930	-0.312564909458
-0.545391380787	-0.245145589113	0.801531016827	0.154391407967
0.000000000000	0.000000000000	0.000000000000	1.000000000000
4	39	-1
0.819155037403	-0.379586547613	0.429999142885	-0.271088778973
0.211716488004	0.896848499775	0.388379901648	-0.163035482168
-0.533068001270	-0.227105498314	0.815022408962	-0.179873466492
0.000000000000	0.000000000000	0.000000000000	1.000000000000
4	41	-1
0.909788608551	-0.066532246768	-0.409706562757	-0.371958673000
-0.068526335061	0.949449896812	-0.306349664927	0.310014665127
0.409377753735	0.306788891554	0.859238684177	-0.576671838760
0.000000000000	0.000000000000	0.000000000000	1.000000000000
5	6	-1
0.997274577618	0.073752231896	0.001968719531	0.341567367315
-0.073778256774	0.996848523617	0.029147695750	0.159755885601
0.000187199970	-0.029213588685	0.999573171139	0.023417472839
0.000000000000	0.000000000000	0.000000000000	1.000000000000
5	7	-1
0.992635369301	0.101136252284	-0.066680282354	0.788697063923
-0.096023194492	0.992482304573	0.075883835554	0.183006763458
0.073853679001	-0.068922206759	0.994884788990	-0.099864721298
0.000000000000	0.000000000000	0.000000000000	1.000000000000
5	8	-1
0.992253184319	0.104439005256	0.067269228399	1.113835334778
-0.115099318326	0.976633429527	0.181492000818	0.165811181068
-0.046742595732	-0.187828674912	0.981089174747	-0.079848289490
0.000000000000	0.000000000000	0.000000000000	1.000000000000
5	9	-1
0.968285620213	0.247860148549	0.031445298344	1.121959686279
-0.249213039875	0.967108130455	0.050942339003	-0.149824678898
-0.017784470692	-0.057163260877	0.998206496239	-0.031449794769
0.000000000000	0.000000000000	0.000000000000	1.000000000000
5	10	-1
0.947274804115	0.203179970384	-0.247768893838	0.610495507717
-0.186423704028	0.978378117085	0.089566633105	-0.085353285074
0.260609298944	-0.038654349744	0.964670300484	0.005579710007
0.000000000000	0.000000000000	0.000000000000	1.000000000000
5	11	-1
0.983774423599	0.022369911894	-0.178010970354	0.327769517899
-0.001100792550	0.992930173874	0.118694290519	-0.073290884495
0.179407685995	-0.116572648287	0.976843774319	0.138639211655
0.000000000000	0.000000000000	0.000000000000	1.000000000000
5	12	-1
0.954354047775	0.085659056902	-0.286132574081	-0.052615165710
-0.041211798787	0.986595094204	0.157899931073	-0.088066726923
0.295822590590	-0.138900339603	0.945090472698	0.339613318443
0.000000000000	0.000000000000	0.000000000000	1.000000000000
5	15	-1
0.986684203148	-0.147829264402	0.067827455699	-0.431650429964
0.122449643910	0.949634075165	0.288446396589	-0.226516261697
-0.107052087784	-0.276300162077	0.955090701580	0.676807761192
0.000000000000	0.000000000000	0.000000000000	1.000000000000
5	16	-1
0.852347493172	-0.321870326996	0.412193328142	-0.334180891514
0.214054197073	0.933837473392	0.286579132080	-0.220757156610
-0.477163136005	-0.156033381820	0.864852011204	0.607759594917
0.000000000000	0.000000000000	0.000000000000	1.000000000000
5	17	-1
0.636206567287	-0.325948119164	0.699284553528	-0.295422494411
0.257446110249	0.944113016129	0.205843925476	-0.241788461804
-0.727297961712	0.049068190157	0.684565365314	0.490485191345
0.000000000000	0.000000000000	0.000000000000	1.000000000000
5	18	-1
0.810526251793	-0.233514130116	0.537138938904	-0.263407349586
0.199899569154	0.972309350967	0.121056497097	-0.164116770029
-0.550533711910	0.009254236706	0.834761559963	0.293260335922
0.000000000000	0.000000000000	0.000000000000	1.000000000000
5	19	-1
0.955542743206	-0.170715242624	0.240405008197	0.010141044855
0.161381363869	0.985178053379	0.058143325150	0.044214189053
-0.246767520905	-0.016761196777	0.968929767609	-0.048535823822
0.000000000000	0.000000000000	0.000000000000	1.000000000000
5	20	-1
0.964846134186	-0.063245490193	0.255093812943	0.306624174118
0.020797370002	0.985942721367	0.165784403682	-0.079797834158
-0.261993020773	-0.154650911689	0.952597796917	-0.697047710419
0.000000000000	0.000000000000	0.000000000000	1.000000000000
5	21	-1
0.864105582237	-0.239176169038	0.442850351334	0.464302301407
0.140532910824	0.959534764290	0.244016543031	-0.086867749691
-0.483292877674	-0.148620963097	0.862751364708	-0.588228225708
0.000000000000	0.000000000000	0.000000000000	1.000000000000
5	25	-1
0.846567332745	0.229460939765	-0.480281233788	2.141415596008
-0.096451103687	0.953500926495	0.285539120436	-0.422123849392
0.523468971252	-0.195404812694	0.829335272312	0.456416606903
0.000000000000	0.000000000000	0.000000000000	1.000000000000
5	26	-1
0.571002721786	0.357657164335	-0.738943755627	2.033119440079
-0.193604126573	0.933387815952	0.302166640759	-0.533419847488
0.797793209553	-0.029475471005	0.602210521698	0.957191348076
0.000000000000	0.000000000000	0.000000000000	1.000000000000
5	36	-1
0.487410128117	-0.540550947189	0.685737252235	-0.429108142853
0.406986117363	0.835455477238	0.369291841984	-0.765090465546
-0.772523939610	0.099088892341	0.627206444740	1.234845399857
0.000000000000	0.000000000000	0.000000000000	1.000000000000
5	37	-1
0.640021681786	-0.493403553963	0.589004516602	-0.740262329578
0.291231840849	0.865156233311	0.408276498318	-0.630327761173
-0.711025953293	-0.089768581092	0.697412610054	0.801041364670
0.000000000000	0.000000000000	0.000000000000	1.000000000000
5	38	-1
0.850036680698	-0.358449578285	0.385942816734	-0.771437942982
0.168744876981	0.879427194595	0.445120513439	-0.411541044712
-0.498962193727	-0.313242882490	0.808032035828	0.284052133560
0.000000000000	0.000000000000	0.000000000000	1.000000000000
5	39	-1
0.872149288654	-0.233626231551	0.429854124784	-0.566968739033
0.072025381029	0.930356085300	0.359514474869	-0.295897006989
-0.483909428120	-0.282589524984	0.828236222267	-0.044714689255
0.000000000000	0.000000000000	0.000000000000	1.000000000000
6	7	-1
0.996547222137	0.023181566969	-0.079733476043	0.461462676525
-0.020527426153	0.999212503433	0.033946551383	0.071160703897
0.080457784235	-0.032192971557	0.996238052845	-0.120123624802
0.000000000000	0.000000000000	0.000000000000	1.000000000000
6	8	-1
0.996922910213	0.058848638088	0.051788128912	0.807808995247
-0.066147260368	0.986028432846	0.152880743146	0.058569759130
-0.042067721486	-0.155835866928	0.986886918545	-0.110150814056
0.000000000000	0.000000000000	0.000000000000	1.000000000000
6	9	-1
0.981118381023	0.191240534186	0.028904980049	0.808664798737
-0.191873610020	0.981194853783	0.020992085338	-0.254561066628
-0.024346971884	-0.026142247021	0.999361753464	-0.067228794098
0.000000000000	0.000000000000	0.000000000000	1.000000000000
6	10	-1
0.958324253559	0.134345620871	-0.252124100924	0.288588166237
-0.127447083592	0.990888118744	0.043572794646	-0.222215220332
0.255680561066	-0.009624061175	0.966713547707	-0.027947425842
0.000000000000	0.000000000000	0.000000000000	1.000000000000
6	11	-1
0.981498360634	-0.040625400841	-0.187109842896	0.010894984007
0.055460736156	0.995659351349	0.074745506048	-0.232175350189
0.183260783553	-0.083739660680	0.979491353035	0.108766794205
0.000000000000	0.000000000000	0.000000000000	1.000000000000
6	12	-1
0.952121496201	0.008989352733	-0.305589169264	-0.340814560652
0.022566968575	0.994773924351	0.099575661123	-0.269235759974
0.304887354374	-0.101704597473	0.946942508221	0.314160108566
0.000000000000	0.000000000000	0.000000000000	1.000000000000
6	15	-1
0.978617489338	-0.202931120992	0.033573124558	-0.710243105888
0.187200576067	0.946340680122	0.263430953026	-0.450452715158
-0.085229933262	-0.251513272524	0.964093983173	0.631429553032
0.000000000000	0.000000000000	0.000000000000	1.000000000000
6	16	-1
0.830253660679	-0.394216179848	0.394048094749	-0.640091538429
0.296558916569	0.911009967327	0.286554098129	-0.441080421209
-0.471946269274	-0.121054120362	0.873277068138	0.564924716949
0.000000000000	0.000000000000	0.000000000000	1.000000000000
6	17	-1
0.612785577774	-0.380598276854	0.692559182644	-0.610082268715
0.317571938038	0.921103477478	0.225203409791	-0.444129616022
-0.723630726337	0.081936188042	0.685306429863	0.450873851776
0.000000000000	0.000000000000	0.000000000000	1.000000000000
6	18	-1
0.797663629055	-0.289875507355	0.528870820999	-0.573003649712
0.264070719481	0.956258058548	0.125845625997	-0.358924746513
-0.542216539383	0.039276961237	0.839320182800	0.253509163857
0.000000000000	0.000000000000	0.000000000000	1.000000000000
6	19	-1
0.943819105625	-0.237838730216	0.229430615902	-0.294325500727
0.234478637576	0.971204280853	0.042211301625	-0.125837057829
-0.232863515615	0.013956818730	0.972409248352	-0.081530332565
0.000000000000	0.000000000000	0.000000000000	1.000000000000
6	20	-1
0.957768559456	-0.141445845366	0.250345140696	-0.025707364082
0.104119718075	0.982161045074	0.156584233046	-0.226024061441
-0.268027514219	-0.123905882239	0.955410242081	-0.727420091629
0.000000000000	0.000000000000	0.000000000000	1.000000000000
6	21	-1
0.857870340347	-0.285930186510	0.426968812943	0.162689089775
0.197914317250	0.950643837452	0.238971307874	-0.215718597174
-0.474224001169	-0.120503246784	0.872118592262	-0.627908706665
0.000000000000	0.000000000000	0.000000000000	1.000000000000
6	24	-1
0.996864795685	-0.078547567129	0.009477504529	1.601521253586
0.076934531331	0.990325808525	0.115479052067	-0.234134584665
-0.018456380814	-0.114388145506	0.993264794350	-0.095285415649
0.000000000000	0.000000000000	0.000000000000	1.000000000000
6	25	-1
0.848881006241	0.171709686518	-0.499916732311	1.838444590569
-0.062713824213	0.971803247929	0.227300658822	-0.472803771496
0.524850249290	-0.161599561572	0.835713863373	0.417451977730
0.000000000000	0.000000000000	0.000000000000	1.000000000000
6	26	-1
0.588023364544	0.305552721024	-0.748909413815	1.731607794762
-0.188452273607	0.952174961567	0.240516781807	-0.625336349010
0.786583483219	-0.000295919686	0.617483794689	0.897035837173
0.000000000000	0.000000000000	0.000000000000	1.000000000000
6	35	-1
0.687754511833	-0.591981589794	0.420180112123	-2.041283369064
0.504928767681	0.805951774120	0.309013396502	-0.284266531467
-0.521574795246	-0.000364303734	0.853205442429	-0.089833974838
0.000000000000	0.000000000000	0.000000000000	1.000000000000
6	36	-1
0.449477612972	-0.584702193737	0.675346374512	-0.710335254669
0.459751516581	0.799621343613	0.386308878660	-0.995947718620
-0.765897035599	0.136854246259	0.628229498863	1.188536643982
0.000000000000	0.000000000000	0.000000000000	1.000000000000
6	37	-1
0.621329903603	-0.542264759541	0.565595686436	-1.017181754112
0.347885251045	0.837704896927	0.420983254910	-0.871890962124
-0.702086746693	-0.064806528389	0.709136843681	0.752000331879
0.000000000000	0.000000000000	0.000000000000	1.000000000000
6	38	-1
0.833565711975	-0.405810147524	0.374816209078	-1.084222078323
0.235846340656	0.874981462955	0.422828555107	-0.608176112175
-0.499545454979	-0.264056086540	0.825063049793	0.238396763802
0.000000000000	0.000000000000	0.000000000000	1.000000000000
6	39	-1
0.864954590797	-0.294022142887	0.406699597836	-0.854394793510
0.143505901098	0.921469688416	0.360969811678	-0.506656289101
-0.480894684792	-0.253858685493	0.839223384857	-0.085801362991
0.000000000000	0.000000000000	0.000000000000	1.000000000000
6	53	-1
0.760040700436	-0.207416087389	0.615886867046	-0.907102584839
0.114785917103	0.975645780563	0.186921790242	-0.804345846176
-0.639657437801	-0.071373052895	0.765339076519	1.567904949188
0.000000000000	0.000000000000	0.000000000000	1.000000000000
6	54	-1
0.442844867706	-0.322161048651	0.836720228195	-0.754297196865
0.273300766945	0.937307953835	0.216242253780	-0.727892160416
-0.853929221630	0.132914483547	0.503128588200	1.415100693703
0.000000000000	0.000000000000	0.000000000000	1.000000000000
6	59	-1
0.434309542179	-0.513514399529	0.740052819252	-1.006140708923
0.309879690409	0.856613874435	0.412538170815	-0.391499757767
-0.845783412457	0.050157926977	0.531163215637	0.872831463814
0.000000000000	0.000000000000	0.000000000000	1.000000000000
7	8	-1
0.992186069489	0.014382020570	0.123930938542	0.356426298618
-0.030143287033	0.991539359093	0.126257807016	-0.010964721441
-0.121066652238	-0.129007056355	0.984225630760	-0.015565872192
0.000000000000	0.000000000000	0.000000000000	1.000000000000
7	9	-1
0.980372428894	0.163561880589	0.110081523657	0.362823009491
-0.163216605783	0.986514568329	-0.012201542035	-0.314166009426
-0.110592685640	-0.006005341653	0.993847668171	0.016931056976
0.000000000000	0.000000000000	0.000000000000	1.000000000000
7	10	-1
0.977304995060	0.109706588089	-0.181217744946	-0.140170708299
-0.112513862550	0.993636190891	-0.005252395757	-0.280685126781
0.179488599300	0.025522718206	0.983428835869	0.093427896500
0.000000000000	0.000000000000	0.000000000000	1.000000000000
7	11	-1
0.990317583084	-0.075120672584	-0.116736121476	-0.411296188831
0.078462935984	0.996620655060	0.024296108633	-0.299458265305
0.114516384900	-0.033220533282	0.992865681648	0.259929180145
0.000000000000	0.000000000000	0.000000000000	1.000000000000
7	15	-1
0.962756514549	-0.253257662058	0.094650752842	-1.087067127228
0.228060081601	0.948743045330	0.218803241849	-0.552831411362
-0.145212858915	-0.189068526030	0.971167564392	0.810552477837
0.000000000000	0.000000000000	0.000000000000	1.000000000000
7	16	-1
0.777069151402	-0.421985775232	0.467002540827	-1.032679557800
0.327312052250	0.904670417309	0.272833853960	-0.561821162701
-0.537615418434	-0.059155438095	0.841112554073	0.768031954765
0.000000000000	0.000000000000	0.000000000000	1.000000000000
7	17	-1
0.537013351917	-0.393352389336	0.746251046658	-1.006851792336
0.355448216200	0.907776772976	0.222707808018	-0.564104914665
-0.765031635761	0.145656436682	0.627304613590	0.648668289185
0.000000000000	0.000000000000	0.000000000000	1.000000000000
7	18	-1
0.742837905884	-0.313118547201	0.591733098030	-0.976113796234
0.308689832687	0.944513320923	0.112277321517	-0.466257929802
-0.594055294991	0.099258407950	0.798276782036	0.441297888756
0.000000000000	0.000000000000	0.000000000000	1.000000000000
7	19	-1
0.918629586697	-0.255822360516	0.301121950150	-0.738137245178
0.263166815042	0.964606404305	0.016654442996	-0.219207331538
-0.294724762440	0.063945993781	0.953440189362	0.088195323944
0.000000000000	0.000000000000	0.000000000000	1.000000000000
7	20	-1
0.930826127529	-0.174018308520	0.321374922991	-0.522908687592
0.138771370053	0.981796503067	0.129688173532	-0.289951890707
-0.338092386723	-0.076119050384	0.938029766083	-0.576519966125
0.000000000000	0.000000000000	0.000000000000	1.000000000000
7	21	-1
0.802473127842	-0.302914351225	0.514080703259	-0.399609923363
0.215446189046	0.950529634953	0.223776951432	-0.305806338787
-0.556434273720	-0.068818293512	0.828036785126	-0.464532375336
0.000000000000	0.000000000000	0.000000000000	1.000000000000
7	24	-1
0.990981638432	-0.079608432949	0.107787497342	1.121673107147
0.068491481245	0.992301583290	0.103181950748	-0.340315580368
-0.115171857178	-0.094868905842	0.988805115223	-0.074983358383
0.000000000000	0.000000000000	0.000000000000	1.000000000000
7	25	-1
0.887065410614	0.131140127778	-0.442625910044	1.451402068138
-0.053990453482	0.981694519520	0.182651683688	-0.508895516396
0.458476006985	-0.138126194477	0.877907156944	0.412720203400
0.000000000000	0.000000000000	0.000000000000	1.000000000000
7	26	-1
0.633335232735	0.280384957790	-0.721298038960	1.383692026138
-0.197024926543	0.959764301777	0.200084939599	-0.693372726440
0.748376727104	0.015393047594	0.663095355034	0.934691786766
0.000000000000	0.000000000000	0.000000000000	1.000000000000
7	35	-1
0.407372146845	-0.814561903477	0.412962228060	-1.225902676582
0.696942865849	0.569499433041	0.435821563005	-0.838992238045
-0.590185344219	0.110269710422	0.799701154232	0.223088383675
0.000000000000	0.000000000000	0.000000000000	1.000000000000
7	36	-1
0.370627731085	-0.592716217041	0.715068578720	-1.005990624428
0.493573427200	0.777880847454	0.388955891132	-1.142728924751
-0.786778271198	0.208781510592	0.580853402615	1.378083586693
0.000000000000	0.000000000000	0.000000000000	1.000000000000
7	37	-1
0.554113209248	-0.570606112480	0.606107532978	-1.340720295906
0.395461916924	0.821140587330	0.411507219076	-0.997121453285
-0.732508420944	0.011670834385	0.680657625198	0.941647648811
0.000000000000	0.000000000000	0.000000000000	1.000000000000
7	38	-1
0.788680136204	-0.423752069473	0.445441991091	-1.528434991837
0.250921785831	0.883295893669	0.396013796329	-0.693038046360
-0.561268627644	-0.200556695461	0.802966117859	0.467138290405
0.000000000000	0.000000000000	0.000000000000	1.000000000000
7	39	-1
0.821238279343	-0.327616125345	0.467156589031	-1.297847986221
0.176652923226	0.924492657185	0.337797760963	-0.600660562515
-0.542550921440	-0.194887414575	0.817103147507	0.120017528534
0.000000000000	0.000000000000	0.000000000000	1.000000000000
7	53	-1
0.706182420254	-0.222898691893	0.672028362751	-1.170682549477
0.138455480337	0.974302887917	0.177664801478	-0.939295411110
-0.694360613823	-0.032417807728	0.718897044659	1.767279267311
0.000000000000	0.000000000000	0.000000000000	1.000000000000
7	54	-1
0.352796852589	-0.318915814161	0.879674494267	-1.048465371132
0.285953372717	0.931894659996	0.223165243864	-0.854041099548
-0.890934944153	0.172813490033	0.419964671135	1.627325057983
0.000000000000	0.000000000000	0.000000000000	1.000000000000
7	58	-1
0.192164704204	-0.544063091278	0.816742062569	-1.543873786926
0.363295197487	0.812563300133	0.455802977085	-0.548632979393
-0.911640882492	0.209128975868	0.353801935911	1.060512542725
0.000000000000	0.000000000000	0.000000000000	1.000000000000
7	59	-1
0.371060967445	-0.515841364861	0.772153973579	-1.368946790695
0.358149677515	0.846682012081	0.393520444632	-0.516823768616
