1	2	-1
0.861874878407	-0.136177510023	0.488495498896	-0.208521246910
0.098369479179	0.989869177341	0.102387122810	-0.072000578046
-0.497489005327	-0.040191456676	0.866538763046	0.303051471710
0.000000000000	0.000000000000	0.000000000000	1.000000000000
2	3	-1
0.837788343430	-0.146041572094	0.526100337505	-0.574310123920
0.146938502789	0.988321781158	0.040359381586	0.008254403248
-0.525850594044	0.043491698802	0.849464297295	0.127250194550
0.000000000000	0.000000000000	0.000000000000	1.000000000000
2	5	-1
0.709288716316	-0.154265999794	0.687830269337	-1.035891771317
0.121796488762	0.987904310226	0.095971219242	-0.068312056363
-0.694315612316	0.015703935176	0.719499230385	0.239612221718
0.000000000000	0.000000000000	0.000000000000	1.000000000000
2	7	-1
0.842750072479	-0.106884472072	0.527586758137	-0.923720955849
0.121567472816	0.992558956146	0.006896067876	-0.122375629842
-0.524398088455	0.058326181024	0.849472999573	0.351020336151
0.000000000000	0.000000000000	0.000000000000	1.000000000000
3	4	-1
0.954508185387	-0.028278861195	0.296841710806	-0.401067644358
0.002785424236	0.996295213699	0.085956715047	0.077671088278
-0.298172473907	-0.081219509244	0.951050162315	-0.350157022476
0.000000000000	0.000000000000	0.000000000000	1.000000000000
3	5	-1
0.975365817547	0.009043278173	0.220408275723	-0.470777869225
-0.016180083156	0.999400854111	0.030597096309	-0.015995718539
-0.219999670982	-0.033409584314	0.974927842617	-0.154300689697
0.000000000000	0.000000000000	0.000000000000	1.000000000000
3	6	-1
0.984411835670	0.050905663520	0.168349340558	-0.496753007174
-0.010883029550	0.972993493080	-0.230576738715	-0.073599070311
-0.175540417433	0.225150078535	0.958380460739	-0.002533197403
0.000000000000	0.000000000000	0.000000000000	1.000000000000
3	7	-1
0.999532759190	0.029860630631	-0.006517562550	-0.408495068550
-0.030087640509	0.998817384243	-0.038186512887	-0.058572556823
0.005369204562	0.038365177810	0.999249219894	-0.001793861389
0.000000000000	0.000000000000	0.000000000000	1.000000000000
3	38	-1
0.514733254910	-0.468854188919	0.717791259289	-2.133084297180
0.298992455006	0.882826268673	0.362244069576	-0.470778912306
-0.803525149822	0.028154885396	0.594604432583	1.261778354645
0.000000000000	0.000000000000	0.000000000000	1.000000000000
3	39	-1
0.115654811263	-0.285289138556	0.951437711716	-2.151422500610
0.250635623932	0.935252428055	0.249969318509	-0.536237657070
-0.961148023605	0.209554016590	0.179670244455	1.498061656952
0.000000000000	0.000000000000	0.000000000000	1.000000000000
3	40	-1
0.158680647612	-0.417594879866	0.894669711590	-1.864483952522
0.225816935301	0.897482216358	0.378856360912	-0.530435383320
-0.961159110069	0.141914665699	0.236713096499	1.577962875366
0.000000000000	0.000000000000	0.000000000000	1.000000000000
3	41	-1
-0.045201033354	-0.475779891014	0.878402292728	-1.661174535751
0.191892161965	0.858791112900	0.475031614304	-0.674129486084
-0.980374574661	0.190030470490	0.052479494363	1.646481037140
0.000000000000	0.000000000000	0.000000000000	1.000000000000
3	45	-1
-0.080894567072	0.014003674500	0.996624290943	-2.032193183899
0.228847935796	0.973449647427	0.004896883387	-0.654355049133
-0.970095396042	0.228471413255	-0.081951543689	1.563432216644
0.000000000000	0.000000000000	0.000000000000	1.000000000000
3	46	-1
0.122917354107	-0.197474062443	0.972571671009	-2.375883102417
0.221199840307	0.960801601410	0.167128235102	-0.634214401245
-0.967451214790	0.194589659572	0.161780148745	1.494607686996
0.000000000000	0.000000000000	0.000000000000	1.000000000000
3	47	-1
-0.008137642406	-0.444242477417	0.895869493484	-1.727762699127
0.194286361337	0.878124117851	0.437207967043	-0.585659503937
-0.980910956860	0.177613273263	0.079164184630	1.586795926094
0.000000000000	0.000000000000	0.000000000000	1.000000000000
4	5	-1
0.996119201183	0.020546803251	-0.085587605834	-0.113355427980
-0.025422958657	0.998091220856	-0.056278895587	-0.104514569044
0.084267698228	0.058236353099	0.994740009308	0.157463550568
0.000000000000	0.000000000000	0.000000000000	1.000000000000
4	6	-1
0.992016136646	-0.018366679549	-0.124770842493	-0.196099340916
-0.022610386834	0.947407901287	-0.319228708744	-0.169113308191
0.124072179198	0.319500923157	0.939428210258	0.298285961151
0.000000000000	0.000000000000	0.000000000000	1.000000000000
4	7	-1
0.951805830002	0.016915479675	-0.306234270334	-0.110857486725
-0.055671408772	0.991419732571	-0.118269033730	-0.167584046721
0.301606208086	0.129617601633	0.944580793381	0.320384502411
0.000000000000	0.000000000000	0.000000000000	1.000000000000
4	38	-1
0.712233603001	-0.462620794773	0.527924716473	-2.176127195358
0.348825186491	0.885919451714	0.305723547935	-0.656324744225
-0.609133303165	-0.033593308181	0.792355775833	1.017183542252
0.000000000000	0.000000000000	0.000000000000	1.000000000000
4	39	-1
0.361589491367	-0.339109122753	0.868479609489	-2.279570341110
0.338642150164	0.915659606457	0.216538265347	-0.731109857559
-0.868662238121	0.215806201100	0.445930063725	1.257583856583
0.000000000000	0.000000000000	0.000000000000	1.000000000000
4	40	-1
0.413760244846	-0.448579490185	0.792199432850	-2.016086578369
0.304830610752	0.888213932514	0.343735724688	-0.744002580643
-0.857835054398	0.099262401462	0.504247963428	1.387689709663
0.000000000000	0.000000000000	0.000000000000	1.000000000000
4	41	-1
0.196754023433	-0.520148754120	0.831103801727	-1.854002356529
0.287314206362	0.841048121452	0.458354026079	-0.898492515087
-0.937410175800	0.148605018854	0.314925372601	1.532767176628
0.000000000000	0.000000000000	0.000000000000	1.000000000000
4	46	-1
0.358713001013	-0.258808284998	0.896851837635	-2.497240304947
0.311268478632	0.938967406750	0.146464154124	-0.848094165325
-0.880020856857	0.226622849703	0.417378574610	1.200615763664
0.000000000000	0.000000000000	0.000000000000	1.000000000000
4	47	-1
0.213345542550	-0.489261806011	0.845639526844	-1.901877641678
0.287699013948	0.858649373055	0.424205541611	-0.810125112534
-0.933655500412	0.152786970139	0.323949128389	1.484372615814
0.000000000000	0.000000000000	0.000000000000	1.000000000000
5	6	-1
0.999292135239	-0.017467102036	-0.033317361027	-0.081369102001
0.008239415474	0.965788066387	-0.259201288223	-0.076189577579
0.036705028266	0.258743524551	0.965248525143	0.140560150146
0.000000000000	0.000000000000	0.000000000000	1.000000000000
5	7	-1
0.975299298763	0.009252066724	-0.220692887902	0.013885200024
-0.024214478210	0.997578859329	-0.065190166235	-0.063702270389
0.219555318356	0.068924196064	0.973162174225	0.156143188477
0.000000000000	0.000000000000	0.000000000000	1.000000000000
5	38	-1
0.618304014206	-0.499497562647	0.606797754765	-1.997203946114
0.338504523039	0.866033673286	0.367969036102	-0.571160972118
-0.709306359291	-0.022112959996	0.704553782940	1.131612658501
0.000000000000	0.000000000000	0.000000000000	1.000000000000
5	39	-1
0.277127563953	-0.340532928705	0.898463904858	-2.044450759888
0.288746953011	0.921381711960	0.260156184435	-0.607556521893
-0.916419565678	0.187331736088	0.353668510914	1.317268133163
0.000000000000	0.000000000000	0.000000000000	1.000000000000
5	40	-1
0.308662801981	-0.464122772217	0.830251336098	-1.786278843880
0.262404531240	0.880548894405	0.394685864449	-0.618017673492
-0.914259672165	0.096036620438	0.393580347300	1.456728816032
0.000000000000	0.000000000000	0.000000000000	1.000000000000
5	45	-1
0.089994750917	-0.053289923817	0.994515180588	-1.927266359329
0.264300733805	0.964041173458	0.027740301564	-0.726802766323
-0.960232317448	0.260354399681	0.100843541324	1.393786191940
0.000000000000	0.000000000000	0.000000000000	1.000000000000
5	46	-1
0.273049503565	-0.256764054298	0.927101016045	-2.269131183624
0.259704321623	0.947614431381	0.185957551003	-0.726221084595
-0.926281332970	0.189996331930	0.325428366661	1.299819231033
0.000000000000	0.000000000000	0.000000000000	1.000000000000
6	7	-1
0.979163348675	0.023686431348	-0.201688498259	0.150537490845
0.016010630876	0.981078922749	0.192946881056	0.008604884148
0.202442407608	-0.192155867815	0.960256874561	0.015864372253
0.000000000000	0.000000000000	0.000000000000	1.000000000000
6	46	-1
0.245781883597	-0.234325885773	0.940575420856	-2.154354810715
0.011527257971	0.970978617668	0.238888531923	-0.284298479557
-0.969256460667	-0.047872200608	0.241350069642	1.356073141098
0.000000000000	0.000000000000	0.000000000000	1.000000000000
7	38	-1
0.409864187241	-0.514230310917	0.753378272057	-1.757135391235
0.305513620377	0.855625629425	0.417810678482	-0.458744406700
-0.859460175037	0.058921892196	0.507794976234	1.482157707214
0.000000000000	0.000000000000	0.000000000000	1.000000000000
7	46	-1
0.064968980849	-0.232176497579	0.970501542091	-1.952799797058
0.193739026785	0.956984937191	0.215973421931	-0.611584544182
-0.978899598122	0.173993363976	0.107155866921	1.645498275757
0.000000000000	0.000000000000	0.000000000000	1.000000000000
8	9	-1
0.855763137341	0.167711615562	-0.489430457354	0.083537042141
-0.178502529860	0.983623087406	0.024943811819	-0.265124052763
0.485598534346	0.066018678248	0.871685385704	0.738615512848
0.000000000000	0.000000000000	0.000000000000	1.000000000000
8	35	-1
0.997470438480	-0.070070765913	-0.011913469061	-1.325423955917
0.071050517261	0.987512946129	0.140604108572	-0.361845046282
0.001912660780	-0.141094908118	0.989994287491	-0.114960670471
0.000000000000	0.000000000000	0.000000000000	1.000000000000
8	36	-1
0.905417859554	-0.266340225935	0.330577582121	-1.388830184937
0.253219664097	0.963841140270	0.083006583154	-0.553043961525
-0.340732276440	0.008553131483	0.940121531487	0.408561825752
0.000000000000	0.000000000000	0.000000000000	1.000000000000
8	37	-1
0.791398048401	-0.448277205229	0.415616750717	-1.460021972656
0.314097225666	0.881467103958	0.352646142244	-0.675721883774
-0.524435698986	-0.148539379239	0.838393390179	1.050207614899
0.000000000000	0.000000000000	0.000000000000	1.000000000000
8	38	-1
-0.123670868576	-0.549498438835	0.826290845871	-1.019085288048
0.428265810013	0.721587061882	0.543966889381	-0.767358362675
-0.895150005817	0.421145081520	0.146092385054	1.456220984459
0.000000000000	0.000000000000	0.000000000000	1.000000000000
9	10	-1
0.846421301365	0.151747927070	-0.510435819626	0.277767002583
-0.213818997145	0.974723398685	-0.064785182476	-0.217312425375
0.487701982260	0.163976356387	0.857472062111	0.420827865601
0.000000000000	0.000000000000	0.000000000000	1.000000000000
9	11	-1
0.849446773529	-0.076267547905	-0.522132754326	0.271251678467
-0.179684028029	0.888556838036	-0.422115147114	-0.235278248787
0.496138632298	0.452383428812	0.741077482700	0.402313470840
0.000000000000	0.000000000000	0.000000000000	1.000000000000
9	32	-1
0.670422375202	-0.222009688616	0.707986712456	-1.515708684921
0.462451905012	0.871208548546	-0.164723038673	0.006186182611
-0.580233633518	0.437844038010	0.686746776104	-0.813033819199
0.000000000000	0.000000000000	0.000000000000	1.000000000000
9	33	-1
0.956895709038	-0.142329975963	0.253163635731	-1.655115485191
0.197247192264	0.958296597004	-0.206786781549	-0.187949120998
-0.213173642755	0.247809290886	0.945064723492	-0.525054931641
0.000000000000	0.000000000000	0.000000000000	1.000000000000
9	35	-1
0.835745990276	-0.312378615141	0.451605826616	-1.689026117325
0.256341814995	0.949255049229	0.182216688991	-0.372489392757
-0.485609471798	-0.036521259695	0.873412489891	0.021263837814
0.000000000000	0.000000000000	0.000000000000	1.000000000000
9	36	-1
0.577554464340	-0.399789273739	0.711757600307	-1.357397556305
0.392871230841	0.900390684605	0.186948433518	-0.522821664810
-0.715599298477	0.171656131744	0.677090346813	0.402585744858
0.000000000000	0.000000000000	0.000000000000	1.000000000000
9	37	-1
0.367579609156	-0.600718736649	0.709945023060	-1.018541693687
0.391814887524	0.792362928391	0.467591166496	-0.594537258148
-0.843424916267	0.106289692223	0.526627540588	0.927981019020
0.000000000000	0.000000000000	0.000000000000	1.000000000000
10	11	-1
0.999146044254	-0.031060647219	-0.027229096740	0.067912161350
0.017607292160	0.916576683521	-0.399470239878	0.090780079365
0.037365775555	0.398649990559	0.916341364384	-0.008217215538
0.000000000000	0.000000000000	0.000000000000	1.000000000000
10	12	-1
0.941855192184	-0.049982059747	-0.332281172276	0.146252989769
-0.059541232884	0.948401689529	-0.311430037022	-0.015035390854
0.330702036619	0.313106417656	0.890281200409	0.369956851006
0.000000000000	0.000000000000	0.000000000000	1.000000000000
10	32	-1
-0.061569686979	-0.136310905218	0.988751292229	-2.387672185898
0.314323186874	0.937577366829	0.148828938603	-0.661841034889
-0.947317183018	0.319950848818	-0.014880581759	0.723266005516
0.000000000000	0.000000000000	0.000000000000	1.000000000000
10	33	-1
0.464570939541	-0.187353625894	0.865489482880	-2.327057838440
0.236289814115	0.968153178692	0.082743354142	-0.629963278770
-0.853429019451	0.166066125035	0.494045764208	1.003968358040
0.000000000000	0.000000000000	0.000000000000	1.000000000000
10	35	-1
0.393669754267	-0.493323832750	0.775665044785	-1.835055351257
0.268830865622	0.868694782257	0.416052073240	-0.607621550560
-0.879064083099	0.044735703617	0.474599689245	0.821154475212
0.000000000000	0.000000000000	0.000000000000	1.000000000000
10	36	-1
0.060969948769	-0.450846672058	0.890516757965	-1.316108226776
0.295101970434	0.860434830189	0.415412247181	-0.619804501534
-0.953518271446	0.237465769053	0.185506358743	0.874262213707
0.000000000000	0.000000000000	0.000000000000	1.000000000000
11	12	-1
0.954510092735	-0.023600205779	-0.297242879868	0.079434543848
0.055190037936	0.993621826172	0.098336547613	0.011096566916
0.293026179075	-0.110268115997	0.949724495411	0.384010910988
0.000000000000	0.000000000000	0.000000000000	1.000000000000
11	32	-1
-0.039119381458	-0.095214128494	0.994687736034	-2.438110828400
-0.099810935557	0.990843534470	0.090920731425	-0.155170097947
-0.994237184525	-0.095723964274	-0.048264406621	0.989005923271
0.000000000000	0.000000000000	0.000000000000	1.000000000000
11	33	-1
0.226032257080	-0.192106798291	0.954989135265	-2.364380359650
0.104278989136	0.979499638081	0.172355875373	-0.044064164162
-0.968522310257	0.060627210885	0.241431385279	1.669873952866
0.000000000000	0.000000000000	0.000000000000	1.000000000000
13	14	-1
0.907395482063	0.075429752469	-0.413453042507	0.044212818146
-0.066325150430	0.997135698795	0.036354359239	-0.046630561352
0.415010660887	-0.005565600470	0.909799575806	0.443389296532
0.000000000000	0.000000000000	0.000000000000	1.000000000000
13	15	-1
0.894275307655	0.190237864852	-0.405070871115	0.005134165287
-0.107538446784	0.969977498055	0.218127593398	0.004019930959
0.434406012297	-0.151504948735	0.887884199619	0.547019243240
0.000000000000	0.000000000000	0.000000000000	1.000000000000
13	16	-1
0.878647148609	0.151046469808	-0.452949851751	-0.214600145817
-0.063867762685	0.977298319340	0.202009707689	-0.111660093069
0.473179966211	-0.148566171527	0.868348121643	0.932186126709
0.000000000000	0.000000000000	0.000000000000	1.000000000000
14	15	-1
0.999272286892	0.036797817796	-0.010080487467	-0.005156278610
-0.034046292305	0.979262530804	0.199716135859	0.011625424027
0.017220808193	-0.199227362871	0.979802012444	0.122847080231
0.000000000000	0.000000000000	0.000000000000	1.000000000000
14	16	-1
0.999419867992	0.011537748389	-0.032037131488	-0.083028376102
-0.006567755714	0.988496541977	0.151100307703	-0.070164293051
0.033412255347	-0.150802046061	0.987999200821	0.553011536598
0.000000000000	0.000000000000	0.000000000000	1.000000000000
15	16	-1
0.999157786369	-0.036495923996	-0.018752226606	-0.070320576429
0.035698518157	0.998511910439	-0.041228633374	-0.179718255997
0.020228881389	0.040524512529	0.998973906040	0.401301026344
0.000000000000	0.000000000000	0.000000000000	1.000000000000
15	57	-1
0.824784636497	0.072181478143	0.560820341110	-2.305426359177
0.191985979676	0.897151947021	-0.397818863392	0.032509922981
-0.531856119633	0.435784667730	0.726099550724	0.365360856056
0.000000000000	0.000000000000	0.000000000000	1.000000000000
16	24	-1
0.985881209373	0.078074932098	-0.148132398725	-0.221647024155
-0.008790469728	0.907555699348	0.419838368893	-0.391841262579
0.167217344046	-0.412608832121	0.895428419113	1.307163238525
0.000000000000	0.000000000000	0.000000000000	1.000000000000
16	55	-1
0.699947237968	-0.115159675479	0.704849421978	-1.841880559921
0.198153987527	0.979482233524	-0.036745905876	-0.065537154675
-0.686155855656	0.165388911963	0.708404481411	0.225007414818
0.000000000000	0.000000000000	0.000000000000	1.000000000000
16	56	-1
0.737424135208	0.093869961798	0.668875515461	-1.884165287018
0.129855394363	0.952117800713	-0.276782989502	-0.128221690655
-0.662830114365	0.290963858366	0.689924478531	0.203078866005
0.000000000000	0.000000000000	0.000000000000	1.000000000000
16	57	-1
0.795960664749	0.179229497910	0.578206002712	-2.044736146927
0.068954214454	0.922102272511	-0.380751341581	0.245784878731
-0.601407110691	0.342933833599	0.721599042416	0.269959688187
0.000000000000	0.000000000000	0.000000000000	1.000000000000
16	58	-1
0.964893698692	0.054112065583	0.257002264261	-0.743507981300
-0.004346252419	0.981700778008	-0.190379396081	-0.258113980293
-0.262600958347	0.182579010725	0.947473168373	0.003133893013
0.000000000000	0.000000000000	0.000000000000	1.000000000000
17	18	-1
0.995791971684	0.035954363644	-0.084294371307	-0.281254410744
-0.037245880812	0.999210536480	-0.013802969828	-0.156821683049
0.083731114864	0.016884293407	0.996345400810	0.310891985893
0.000000000000	0.000000000000	0.000000000000	1.000000000000
17	19	-1
0.998760044575	-0.030292954296	-0.039512105286	-0.568654000759
0.030900971964	0.999412119389	0.014856453054	-0.302762985229
0.039038207382	-0.016059217975	0.999108910561	0.520790934563
0.000000000000	0.000000000000	0.000000000000	1.000000000000
17	20	-1
0.871229112148	-0.232108607888	0.432534366846	-0.515661716461
0.181239321828	0.970987796783	0.155996546149	-0.217443749309
-0.456194102764	-0.057516470551	0.888019800186	0.459480822086
0.000000000000	0.000000000000	0.000000000000	1.000000000000
17	21	-1
0.821185469627	-0.338261753321	0.459601789713	-0.505523085594
0.173127278686	0.915099561214	0.364170283079	-0.312335371971
-0.543766081333	-0.219481840730	0.810028553009	0.525126516819
0.000000000000	0.000000000000	0.000000000000	1.000000000000
17	22	-1
0.842875659466	-0.328595697880	0.426127731800	-0.536347329617
0.171773418784	0.914771378040	0.365632355213	-0.304707527161
-0.509954392910	-0.234985172749	0.827482998371	0.611666738987
0.000000000000	0.000000000000	0.000000000000	1.000000000000
17	54	-1
0.948935210705	0.252151757479	-0.189583763480	-0.111358344555
-0.192119553685	0.938563168049	0.286687433720	0.278435707092
0.250224381685	-0.235625684261	0.939078867435	-1.053110599518
0.000000000000	0.000000000000	0.000000000000	1.000000000000
17	55	-1
0.957014024258	-0.045371197164	0.286471962929	-1.410012722015
0.065910033882	0.995868742466	-0.062458917499	0.205175787210
-0.282454669476	0.078655511141	0.956050634384	-1.128227949142
0.000000000000	0.000000000000	0.000000000000	1.000000000000
17	56	-1
0.977949142456	0.032704193145	0.206265777349	-1.358879089355
0.030315242708	0.954970479012	-0.295148402452	0.132107198238
-0.206630617380	0.294892787933	0.932920992374	-1.198015809059
0.000000000000	0.000000000000	0.000000000000	1.000000000000
17	57	-1
0.992591559887	0.034295439720	0.116557665169	-1.634178638458
0.006397640798	0.943251967430	-0.332015931606	0.427301585674
-0.121330171824	0.330301970243	0.936044752598	-1.525979757309
0.000000000000	0.000000000000	0.000000000000	1.000000000000
17	58	-1
0.895497739315	0.103507533669	0.432862341404	-1.829915523529
0.006737409625	0.969316661358	-0.245725512505	0.296646714211
-0.445014506578	0.222962811589	0.867323219776	-1.689506292343
0.000000000000	0.000000000000	0.000000000000	1.000000000000
18	19	-1
0.995994925499	-0.013194815256	0.088426403701	-0.285080969334
0.012190714478	0.999855637550	0.011883967556	-0.132059693336
-0.088570080698	-0.010758809745	0.996011555195	0.233537554741
0.000000000000	0.000000000000	0.000000000000	1.000000000000
18	20	-1
0.892723917961	-0.191433057189	0.407918006182	-0.153487622738
0.137971684337	0.977916538715	0.156979426742	-0.061400100589
-0.428960561752	-0.083858005702	0.899422049522	0.186459004879
0.000000000000	0.000000000000	0.000000000000	1.000000000000
18	21	-1
0.833741068840	-0.310354083776	0.456679970026	-0.155213743448
0.157447159290	0.926375508308	0.342108994722	-0.133070722222
-0.529232263565	-0.213327139616	0.821221590042	0.233495950699
0.000000000000	0.000000000000	0.000000000000	1.000000000000
18	22	-1
0.816378533840	-0.337579101324	0.468578606844	-0.224193468690
0.173012137413	0.917063176632	0.359252095222	-0.130329564214
-0.550991952419	-0.212216034532	0.807076275349	0.328991055489
0.000000000000	0.000000000000	0.000000000000	1.000000000000
18	23	-1
0.955446183681	-0.137749418616	0.261052370071	-0.407920956612
0.062877960503	0.959110140800	0.275960862637	-0.167587220669
-0.288391411304	-0.247251242399	0.925039112568	0.453263878822
0.000000000000	0.000000000000	0.000000000000	1.000000000000
18	54	-1
0.954677820206	-0.051746275276	0.293109506369	-1.110945224762
-0.022460557520	0.969438254833	0.244303643703	0.486148327589
-0.296793669462	-0.239814326167	0.924339056015	-1.245825290680
0.000000000000	0.000000000000	0.000000000000	1.000000000000
18	55	-1
0.934263706207	-0.074996806681	0.348608046770	-1.203173756599
0.102029137313	0.992981493473	-0.059811729938	0.337879121304
-0.341676443815	0.091448150575	0.935358226299	-1.339059948921
0.000000000000	0.000000000000	0.000000000000	1.000000000000
18	56	-1
0.960336565971	0.058408729732	0.272660881281	-1.158513665199
0.030864994973	0.949542582035	-0.312117278576	0.317552924156
-0.277133971453	0.308152556419	0.910076498985	-1.422222137451
0.000000000000	0.000000000000	0.000000000000	1.000000000000
18	57	-1
0.969325661659	-0.015480099246	0.245292708278	-1.621831059456
0.099459283054	0.937354624271	-0.333877682686	0.483941167593
-0.224757939577	0.348032772541	0.910141348839	-1.656575322151
0.000000000000	0.000000000000	0.000000000000	1.000000000000
18	58	-1
0.729987204075	0.074998833239	0.679333508015	-2.293929100037
0.117720313370	0.965308666229	-0.233068168163	0.393834710121
-0.673246562481	0.250107973814	0.695834338665	-1.424414873123
0.000000000000	0.000000000000	0.000000000000	1.000000000000
19	20	-1
0.905353248119	-0.145686969161	0.398887634277	0.086214199662
0.091186799109	0.984094560146	0.152456551790	0.057700514793
-0.414754420519	-0.101653836668	0.904237687588	-0.026829779148
0.000000000000	0.000000000000	0.000000000000	1.000000000000
19	22	-1
0.846476018429	-0.316192269325	0.428370177746	0.046342648566
0.176134631038	0.925559759140	0.335135221481	0.015368744731
-0.502449870110	-0.208233043551	0.839156329632	0.102944970131
0.000000000000	0.000000000000	0.000000000000	1.000000000000
19	23	-1
0.982663333416	-0.077854678035	0.168260380626	-0.116852082312
0.028285518289	0.959888398647	0.278952538967	-0.046212524176
-0.183228895068	-0.269357115030	0.945449113846	0.206902801991
0.000000000000	0.000000000000	0.000000000000	1.000000000000
19	54	-1
0.984365046024	-0.010332177393	0.175836041570	-0.589663326740
-0.029752867296	0.974180102348	0.223804667592	0.662011146545
-0.173608019948	-0.225537180901	0.958641529083	-1.547405004501
0.000000000000	0.000000000000	0.000000000000	1.000000000000
19	55	-1
0.966231226921	-0.052907265723	0.252185523510	-0.727082431316
0.074817664921	0.994134664536	-0.078095465899	0.507319092751
-0.246574357152	0.094326108694	0.964522540569	-1.654451727867
0.000000000000	0.000000000000	0.000000000000	1.000000000000
19	56	-1
0.982750713825	0.074002176523	0.169482678175	-0.677188217640
-0.016551740468	0.947966337204	-0.317939281464	0.466793984175
-0.184192150831	0.309650272131	0.932839572430	-1.737954258919
0.000000000000	0.000000000000	0.000000000000	1.000000000000
19	57	-1
0.988047778606	0.008085664362	0.153934597969	-1.156355142593
0.047551356256	0.933933079243	-0.354270756245	0.708114504814
-0.146629035473	0.357356607914	0.922386229038	-1.980284929276
0.000000000000	0.000000000000	0.000000000000	1.000000000000
19	58	-1
0.794587790966	0.101901829243	0.598537147045	-1.821631312370
0.082491353154	0.958554387093	-0.272706955671	0.640093088150
-0.601519763470	0.266063690186	0.753249287605	-1.838644027710
0.000000000000	0.000000000000	0.000000000000	1.000000000000
20	21	-1
0.996631264687	-0.028655534610	0.076849751174	-0.018927676603
0.014646426775	0.984100818634	0.177005961537	-0.085465773940
-0.080700144172	-0.175283953547	0.981204926968	0.041085779667
0.000000000000	0.000000000000	0.000000000000	1.000000000000
20	22	-1
0.982457995415	-0.048529427499	0.180058419704	-0.164120748639
0.007132918108	0.974617660046	0.223760828376	-0.096847563982
-0.186347231269	-0.218551144004	0.957867443562	0.097198843956
0.000000000000	0.000000000000	0.000000000000	1.000000000000
20	23	-1
0.968645989895	0.085742563009	0.233178898692	-0.539242029190
-0.137972399592	0.966174900532	0.217875406146	-0.109005421400
-0.206610307097	-0.243216365576	0.947711884975	0.193297922611
0.000000000000	0.000000000000	0.000000000000	1.000000000000
20	54	-1
0.574409544468	0.581951856613	-0.575661301613	1.519886970520
-0.555701673031	0.793600201607	0.247779011726	0.499812304974
0.601040422916	0.177569374442	0.779243230820	-0.955477654934
0.000000000000	0.000000000000	0.000000000000	1.000000000000
20	55	-1
0.982396423817	0.065617717803	-0.174902856350	-0.037853591144
-0.096517644823	0.979917347431	-0.174488008022	0.650304973125
0.159941434860	0.188297674060	0.969000935555	-1.753140687943
0.000000000000	0.000000000000	0.000000000000	1.000000000000
20	56	-1
0.950080811977	0.091381728649	-0.298321545124	0.106230437756
-0.209877252579	0.894672155380	-0.394351661205	0.630788445473
0.230863675475	0.437277287245	0.869189560413	-1.780958294868
0.000000000000	0.000000000000	0.000000000000	1.000000000000
20	57	-1
0.943087577820	0.075277693570	-0.323913723230	-0.173484861851
-0.211860731244	0.886791706085	-0.410749316216	0.981345176697
0.256323665380	0.455996870995	0.852270543575	-2.163433074951
0.000000000000	0.000000000000	0.000000000000	1.000000000000
20	58	-1
0.965123593807	0.214833080769	0.149607956409	-0.836395204067
-0.135302484035	0.898560643196	-0.417470723391	0.992226123810
-0.224118307233	0.382668524981	0.896290063858	-2.348385810852
0.000000000000	0.000000000000	0.000000000000	1.000000000000
21	22	-1
0.992012798786	-0.055805552751	0.113116495311	-0.155229181051
0.050727691501	0.997592866421	0.047282069921	-0.023384299129
-0.115482732654	-0.041166502982	0.992456078529	0.045137703419
0.000000000000	0.000000000000	0.000000000000	1.000000000000
21	54	-1
0.026839394122	0.650848984718	-0.758732438087	2.038349390030
-0.770949542522	0.496630072594	0.398743748665	-0.109879657626
0.636331379414	0.574242234230	0.515100538731	-0.059993386269
0.000000000000	0.000000000000	0.000000000000	1.000000000000
21	55	-1
0.954348802567	0.095503665507	-0.283016234636	0.212860897183
-0.189852818847	0.925436198711	-0.327907979488	1.024901509285
0.230597138405	0.366670191288	0.901320338249	-1.612351179123
0.000000000000	0.000000000000	0.000000000000	1.000000000000
21	56	-1
0.898712217808	0.086075939238	-0.430008918047	0.439416587353
-0.313078612089	0.812547266483	-0.491680145264	0.949025630951
0.307080715895	0.576505243778	0.757194340229	-1.643554687500
0.000000000000	0.000000000000	0.000000000000	1.000000000000
21	57	-1
0.894972324371	0.051075354218	-0.443187713623	0.208665996790
-0.308053016663	0.789315044880	-0.531116962433	1.434621572495
0.322687864304	0.611860513687	0.722149252892	-1.942658782005
0.000000000000	0.000000000000	0.000000000000	1.000000000000
21	58	-1
0.982350349426	0.185411185026	-0.024692762643	-0.279667019844
-0.158651456237	0.755995631218	-0.635058939457	1.719497799873
-0.099079482257	0.627768576145	0.772068619728	-2.072283744812
0.000000000000	0.000000000000	0.000000000000	1.000000000000
22	23	-1
0.951874852180	0.242988452315	-0.186790660024	-0.304852098227
-0.241223335266	0.969925880432	0.032478343695	-0.047582320869
0.189065024257	0.014142996632	0.981862723827	-0.009635806084
0.000000000000	0.000000000000	0.000000000000	1.000000000000
22	54	-1
0.926265418530	0.267540842295	-0.265435159206	0.348500728607
-0.306148141623	0.944896459579	-0.115946322680	1.288675665855
0.219788342714	0.188659548759	0.957131505013	-1.397195219994
0.000000000000	0.000000000000	0.000000000000	1.000000000000
22	55	-1
0.961139678955	0.047194242477	-0.271996706724	0.234346419573
-0.163392677903	0.891418278217	-0.422701001167	1.229968190193
0.222513765097	0.450717359781	0.864489257336	-1.542807102203
0.000000000000	0.000000000000	0.000000000000	1.000000000000
22	56	-1
0.923007309437	0.093041114509	-0.373365700245	0.323543488979
-0.301452100277	0.777884900570	-0.551382362843	1.074842095375
0.239134147763	0.621481180191	0.746040284634	-1.654005169868
0.000000000000	0.000000000000	0.000000000000	1.000000000000
22	57	-1
0.932329475880	0.087346911430	-0.350901484489	-0.037105709314
-0.291264206171	0.756486773491	-0.585570454597	1.560211300850
0.214304521680	0.648149788380	0.730736136436	-1.943169593811
0.000000000000	0.000000000000	0.000000000000	1.000000000000
22	58	-1
0.981455385685	0.177533060312	0.072298660874	-0.523356139660
-0.088924482465	0.755795121193	-0.648742198944	1.721838831902
-0.169816121459	0.630282402039	0.757566213608	-2.079988718033
0.000000000000	0.000000000000	0.000000000000	1.000000000000
23	24	-1
0.753486573696	0.441953778267	-0.486759632826	0.100563645363
-0.304895997047	0.890824079514	0.336856096983	0.069249987602
0.582491397858	-0.105405360460	0.805973827839	-0.011249184608
0.000000000000	0.000000000000	0.000000000000	1.000000000000
23	54	-1
0.895790815353	0.192323938012	-0.400712519884	0.641099214554
-0.164232969284	0.980958878994	0.103672854602	0.014400705695
0.413020849228	-0.027059067041	0.910319685936	-0.238346159458
0.000000000000	0.000000000000	0.000000000000	1.000000000000
23	55	-1
0.943271815777	0.309046566486	-0.121356286108	0.156699210405
-0.324066162109	0.936495661736	-0.134003117681	0.312354773283
0.072236701846	0.165728941560	0.983522176743	-0.384774088860
0.000000000000	0.000000000000	0.000000000000	1.000000000000
23	56	-1
0.982376933098	-0.119399398565	-0.143801420927	0.518220543861
0.069879837334	0.948194324970	-0.309910058975	0.395037353039
0.173354789615	0.294399797916	0.939828217030	-0.506977736950
0.000000000000	0.000000000000	0.000000000000	1.000000000000
23	57	-1
0.739818632603	0.458706915379	-0.492196261883	0.221971482038
-0.577770829201	0.807996809483	-0.115424863994	0.296396344900
0.344746410847	0.369769990444	0.862797796726	-0.696584582329
0.000000000000	0.000000000000	0.000000000000	1.000000000000
23	58	-1
0.923540413380	0.365761578083	0.115289896727	-0.034477412701
-0.270117759705	0.833801865578	-0.481467038393	0.274062395096
-0.272231221199	0.413512319326	0.868848562241	-1.073785781860
0.000000000000	0.000000000000	0.000000000000	1.000000000000
24	25	-1
0.913009941578	0.192287817597	-0.359774678946	-0.162215083838
-0.276483863592	0.940155088902	-0.199156537652	-0.068959251046
0.299948662519	0.281304240227	0.911536574364	-0.129159212112
0.000000000000	0.000000000000	0.000000000000	1.000000000000
25	26	-1
0.899048149586	0.208588540554	-0.384971708059	0.009681433439
-0.213122233748	0.976521551609	0.031389795244	0.041466131806
0.382480621338	0.053825106472	0.922394514084	-0.099053740501
0.000000000000	0.000000000000	0.000000000000	1.000000000000
26	27	-1
0.972100675106	0.112464025617	-0.205845743418	-0.101624190807
-0.122476167977	0.991799712181	-0.036518365145	0.061745047569
0.200050786138	0.060710858554	0.977902829647	-0.079919099808
0.000000000000	0.000000000000	0.000000000000	1.000000000000
26	28	-1
0.902620553970	0.083636909723	-0.422232031822	-0.150052130222
-0.149460643530	0.980805397034	-0.125226661563	0.093098282814
0.403653889894	0.176139131188	0.897796273232	-0.183608531952
0.000000000000	0.000000000000	0.000000000000	1.000000000000
26	50	-1
0.991288065910	-0.053307995200	-0.120439395308	-1.530678510666
0.063028596342	0.994928300381	0.078394420445	0.155061542988
0.115649409592	-0.085302740335	0.989620566368	-0.467932462692
0.000000000000	0.000000000000	0.000000000000	1.000000000000
26	51	-1
0.935542583466	-0.115764655173	0.333703190088	-1.286932229996
0.112231716514	0.993231475353	0.029915759340	-0.030262261629
-0.334908097982	0.009464462288	0.942203223705	-0.464214563370
0.000000000000	0.000000000000	0.000000000000	1.000000000000
27	28	-1
0.982267260551	0.006475915201	-0.187373831868	-0.161790415645
-0.030863303691	0.991354763508	-0.127526238561	0.052386790514
0.184927806258	0.131047621369	0.973975539207	-0.106443166733
0.000000000000	0.000000000000	0.000000000000	1.000000000000
27	50	-1
0.959951221943	-0.214066550136	0.180747956038	-1.782144188881
0.204662129283	0.976370036602	0.069392539561	0.036506533623
-0.191331535578	-0.029620939866	0.981078505516	0.083144426346
0.000000000000	0.000000000000	0.000000000000	1.000000000000
27	51	-1
0.734059393406	-0.286731719971	0.615583002567	-1.648838043213
0.287639766932	0.952437102795	0.100634090602	-0.104378759861
-0.615159094334	0.103194780648	0.781620442867	0.042339563370
0.000000000000	0.000000000000	0.000000000000	1.000000000000
28	50	-1
0.899197876453	-0.323397010565	0.294717013836	-1.471874475479
0.204666599631	0.906222939491	0.369961768389	-0.560450911522
-0.386723637581	-0.272350192070	0.881062030792	0.413461208344
0.000000000000	0.000000000000	0.000000000000	1.000000000000
28	51	-1
0.583293378353	-0.325869441032	0.744027614594	-1.479766249657
0.201452344656	0.945414662361	0.256140798330	-0.297034293413
-0.786882936954	0.000480781106	0.617101728916	0.429780960083
0.000000000000	0.000000000000	0.000000000000	1.000000000000
29	41	-1
-0.945204734802	0.137018352747	0.296335011721	0.929764032364
0.290021240711	0.769196212292	0.569407880306	-1.012956976891
-0.149920374155	0.624150276184	-0.766785919666	4.761884689331
0.000000000000	0.000000000000	0.000000000000	1.000000000000
29	42	-1
0.997101366520	0.036793932319	0.066593781114	0.313405126333
-0.038338858634	0.999021053314	0.022073479369	0.644060730934
-0.065716557205	-0.024562787265	0.997535943985	-0.576889514923
0.000000000000	0.000000000000	0.000000000000	1.000000000000
29	43	-1
0.991532087326	0.035177074373	0.125003829598	0.021980762482
-0.012236564420	0.983637154102	-0.179742664099	0.443379700184
-0.129281535745	0.176690816879	0.975739121437	-0.631149768829
0.000000000000	0.000000000000	0.000000000000	1.000000000000
29	45	-1
0.164904341102	-0.499356657267	0.850558340549	-0.173700451851
0.428687006235	0.812937617302	0.394156664610	-1.546135902405
-0.888275682926	0.299625366926	0.348124831915	1.897514939308
0.000000000000	0.000000000000	0.000000000000	1.000000000000
29	47	-1
-0.886841177940	0.019764486700	0.461651235819	0.519454360008
0.271598815918	0.830575168133	0.486188292503	-0.802616357803
-0.373826175928	0.556555867195	-0.741956412792	4.392548561096
0.000000000000	0.000000000000	0.000000000000	1.000000000000
29	48	-1
0.000475965528	-0.865400671959	-0.501079976559	1.277611255646
0.716480195522	0.349852263927	-0.603538870811	2.091840267181
0.697607100010	-0.358726739883	0.620209395885	-0.039805412292
0.000000000000	0.000000000000	0.000000000000	1.000000000000
29	49	-1
-0.699087202549	-0.613234400749	-0.367723852396	1.709214687347
0.690268695354	-0.444606721401	-0.570836424828	1.073018908501
0.186564043164	-0.652892589569	0.734115302563	-0.022018671036
0.000000000000	0.000000000000	0.000000000000	1.000000000000
29	50	-1
0.560386240482	-0.340063989162	0.755198061466	-1.502763509750
0.170125663280	0.939638853073	0.296877682209	-0.024863898754
-0.810571014881	-0.037887748331	0.584413945675	1.170275688171
0.000000000000	0.000000000000	0.000000000000	1.000000000000
31	32	-1
0.934022068977	0.105695642531	-0.341222137213	-0.115489900112
-0.069676317275	0.990781366825	0.116175740957	-0.037076771259
0.350356340408	-0.084735207260	0.932775855064	-0.110525131226
0.000000000000	0.000000000000	0.000000000000	1.000000000000
32	33	-1
0.843469321728	0.121073633432	-0.523354887962	-0.049773931503
-0.065097384155	0.990126609802	0.124142616987	-0.005333542824
0.533217966557	-0.070641323924	0.843023359776	0.100270032883
0.000000000000	0.000000000000	0.000000000000	1.000000000000
32	35	-1
0.923267126083	0.277563303709	-0.265585243702	-0.185990244150
-0.128033339977	0.874147415161	0.468479603529	-0.085734724998
0.362193018198	-0.398528128862	0.842609941959	0.535537958145
0.000000000000	0.000000000000	0.000000000000	1.000000000000
32	36	-1
0.985211610794	0.014198012650	0.170754939318	-0.813192367554
-0.066399000585	0.950327694416	0.304087102413	0.017041742802
-0.157955601811	-0.310928016901	0.937216043472	1.031361699104
0.000000000000	0.000000000000	0.000000000000	1.000000000000
33	34	-1
0.944587945938	0.216705903411	-0.246562227607	-0.066133856773
-0.126418948174	0.933337688446	0.336005002260	0.099406033754
0.302939951420	-0.286215960979	0.909014761448	0.115260601044
0.000000000000	0.000000000000	0.000000000000	1.000000000000
33	35	-1
0.985343396664	-0.050262477249	0.163012951612	0.165775477886
-0.004849486053	0.946965873241	0.321295917034	-0.016278624535
-0.170517221093	-0.317377120256	0.932842850685	0.423463344574
0.000000000000	0.000000000000	0.000000000000	1.000000000000
33	36	-1
0.856712758541	-0.210564419627	0.470857232809	0.253555655479
0.105745248497	0.965188324451	0.239225447178	-0.125490486622
-0.504838347435	-0.155156597495	0.849155366421	0.916407585144
0.000000000000	0.000000000000	0.000000000000	1.000000000000
34	35	-1
0.860097944736	-0.267147809267	0.434585362673	0.277583718300
0.253602415323	0.963100910187	0.090126015246	-0.158760055900
-0.442626535892	0.032694749534	0.896110057831	0.209350466728
0.000000000000	0.000000000000	0.000000000000	1.000000000000
35	36	-1
0.932855486870	-0.184788644314	0.309245735407	0.087194174528
0.215568140149	0.974103748798	-0.068201936781	-0.249253988266
-0.288634359837	0.130286097527	0.948533356190	0.462402820587
0.000000000000	0.000000000000	0.000000000000	1.000000000000
35	37	-1
0.820984065533	-0.350484758615	0.450717031956	0.000157237053
0.300024658442	0.936464309692	0.181715011597	-0.422231376171
-0.485768377781	-0.013959269971	0.873976171017	1.058573603630
0.000000000000	0.000000000000	0.000000000000	1.000000000000
36	37	-1
0.978649854660	-0.092101268470	0.183747619390	-0.204797551036
0.049145128578	0.972908556461	0.225908130407	-0.094798535109
-0.199575796723	-0.212054297328	0.956662118435	0.576049804688
0.000000000000	0.000000000000	0.000000000000	1.000000000000
37	38	-1
0.477152675390	-0.433440983295	0.764496624470	0.060006022453
0.556313514709	0.822400093079	0.119052097201	-0.400217294693
-0.680324137211	0.368493705988	0.633539021015	0.535482048988
0.000000000000	0.000000000000	0.000000000000	1.000000000000
38	39	-1
0.923108696938	-0.032849583775	0.383133679628	-0.179259151220
0.122679725289	0.969438254833	-0.212461173534	-0.068936556578
-0.364445239305	0.243127331138	0.898926794529	0.079267024994
0.000000000000	0.000000000000	0.000000000000	1.000000000000
38	40	-1
0.929273426533	-0.070065505803	0.362687945366	-0.132079958916
0.097769990563	0.993483483791	-0.058577254415	-0.207247227430
-0.356220602989	0.089894376695	0.930067837238	0.329777717590
0.000000000000	0.000000000000	0.000000000000	1.000000000000
38	41	-1
0.837682425976	-0.141934245825	0.527392506599	-0.101848959923
0.148696154356	0.988432824612	0.029830098152	-0.446671307087
-0.525526285172	0.053432922810	0.849097788334	0.478401184082
0.000000000000	0.000000000000	0.000000000000	1.000000000000
38	46	-1
0.924723207951	0.034305877984	0.379091411829	-0.290245622396
0.084653928876	0.952452838421	-0.292689204216	-0.056559145451
-0.371107518673	0.302747607231	0.877851128578	-0.128129720688
0.000000000000	0.000000000000	0.000000000000	1.000000000000
38	47	-1
0.845208168030	-0.111480690539	0.522682368755	-0.085444808006
0.135524138808	0.990743041039	-0.007839517668	-0.344239473343
-0.516969919205	0.077462032437	0.852491557598	0.443736314774
0.000000000000	0.000000000000	0.000000000000	1.000000000000
