0	1	-1
0.986135482788	0.118215195835	0.116453036666	-0.329822063446
-0.111295819283	0.991708338261	-0.064254373312	0.152152433991
-0.123083010316	0.050402719527	0.991115629673	-0.163084030151
0.000000000000	0.000000000000	0.000000000000	1.000000000000
0	2	-1
0.999192535877	0.014080910012	-0.037632200867	-0.619105458260
-0.005179966800	0.973908960819	0.226881518960	0.002684712410
0.039845075458	-0.226502969861	0.973195314407	-0.395499229431
0.000000000000	0.000000000000	0.000000000000	1.000000000000
0	3	-1
0.996511161327	0.083426050842	0.002345229965	-0.577163100243
-0.082236006856	0.986312448978	-0.142914474010	0.051301419735
-0.014236018062	0.142222911119	0.989731907845	-0.136166095734
0.000000000000	0.000000000000	0.000000000000	1.000000000000
0	10	-1
0.895594954491	-0.061877019703	0.440548211336	-0.487159937620
-0.029170371592	0.979980707169	0.196943044662	-0.215488851070
-0.443915545940	-0.189232170582	0.875859916210	-0.370423555374
0.000000000000	0.000000000000	0.000000000000	1.000000000000
0	19	-1
0.061494305730	-0.174097493291	0.982806265354	-1.766258001328
0.176640927792	0.971025288105	0.160958454013	-0.620079815388
-0.982352197170	0.163705974817	0.090465500951	2.294937610626
0.000000000000	0.000000000000	0.000000000000	1.000000000000
0	35	-1
0.907357096672	-0.015603015199	0.420069396496	-2.156048059464
-0.008933492005	0.998369336128	0.056379284710	0.139000505209
-0.420263439417	-0.054908476770	0.905738770962	-0.028972148895
0.000000000000	0.000000000000	0.000000000000	1.000000000000
0	36	-1
0.320704311132	-0.227524057031	0.919446229935	-1.614966034889
0.176613539457	0.968060553074	0.177951231599	-0.046656489372
-0.930567860603	0.105316907167	0.350644975901	0.553797483444
0.000000000000	0.000000000000	0.000000000000	1.000000000000
0	43	-1
0.998258054256	0.019265541807	0.055779248476	0.359089374542
-0.049097388983	0.795543253422	0.603904724121	-0.428764402866
-0.032740306109	-0.605590999126	0.795102477074	-0.661477327347
0.000000000000	0.000000000000	0.000000000000	1.000000000000
0	44	-1
0.979194223881	-0.159477517009	0.125488027930	0.368195921183
0.113372586668	0.942794919014	0.313502073288	-0.359119951725
-0.168305352330	-0.292752921581	0.941259503365	-0.688596010208
0.000000000000	0.000000000000	0.000000000000	1.000000000000
0	45	-1
0.998899757862	0.046908207238	0.000438267074	0.270646452904
-0.046322185546	0.984868049622	0.167002543807	-0.092706292868
0.007401533891	-0.166838973761	0.985956728458	-0.638686656952
0.000000000000	0.000000000000	0.000000000000	1.000000000000
0	54	-1
0.894165992737	0.239266231656	-0.378443270922	0.078599274158
-0.154648646712	0.958261311054	0.240454390645	-0.013216644526
0.420180380344	-0.156480580568	0.893846869469	-0.266045331955
0.000000000000	0.000000000000	0.000000000000	1.000000000000
1	2	-1
0.976960897446	-0.055911842734	-0.205966413021	-0.166002273560
0.110591270030	0.958023488522	0.264499783516	-0.181094139814
0.182531833649	-0.281184166670	0.942134678364	-0.245646476746
0.000000000000	0.000000000000	0.000000000000	1.000000000000
1	3	-1
0.993367135525	-0.039204526693	-0.108095616102	-0.224825412035
0.030402380973	0.996175587177	-0.081910468638	-0.147627994418
0.110893167555	0.078081294894	0.990760266781	0.009240627289
0.000000000000	0.000000000000	0.000000000000	1.000000000000
1	10	-1
0.935449957848	-0.149338334799	0.320361763239	-0.124483555555
0.052820101380	0.955245852470	0.291059106588	-0.399085640907
-0.349490880966	-0.255349546671	0.901472330093	-0.196447849274
0.000000000000	0.000000000000	0.000000000000	1.000000000000
1	11	-1
0.917368710041	0.271007001400	-0.291528195143	-0.466785550117
-0.157902956009	0.920098364353	0.358449012041	-0.417962372303
0.365376651287	-0.282797038555	0.886862874031	0.169437885284
0.000000000000	0.000000000000	0.000000000000	1.000000000000
1	35	-1
0.952377021313	-0.111407272518	0.283841252327	-1.779878616333
0.072126835585	0.986756265163	0.145292147994	-0.200788423419
-0.296268671751	-0.117900393903	0.947799563408	-0.092024087906
0.000000000000	0.000000000000	0.000000000000	1.000000000000
1	43	-1
0.991647541523	0.015417312272	-0.128054767847	0.857691168785
0.071121379733	0.762887537479	0.642607212067	-0.502451658249
0.107598632574	-0.646347045898	0.755419015884	-0.384947776794
0.000000000000	0.000000000000	0.000000000000	1.000000000000
1	44	-1
0.973047792912	-0.229983344674	-0.016892258078	0.780639111996
0.219131574035	0.899343729019	0.378368318081	-0.472506940365
-0.071826562285	-0.371871918440	0.925501227379	-0.402146577835
0.000000000000	0.000000000000	0.000000000000	1.000000000000
1	45	-1
0.988941311836	-0.041385490447	-0.142413169146	0.692801117897
0.071832917631	0.973783850670	0.215837165713	-0.199625313282
0.129746675491	-0.223680123687	0.965988099575	-0.375801563263
0.000000000000	0.000000000000	0.000000000000	1.000000000000
1	54	-1
0.835246324539	0.154744446278	-0.527651548386	0.499893665314
-0.030308019370	0.971081972122	0.236814171076	-0.108000397682
0.549038469791	-0.181806758046	0.815783500671	-0.023093223572
0.000000000000	0.000000000000	0.000000000000	1.000000000000
2	3	-1
0.994143068790	0.089889325202	0.059993986040	0.008657336235
-0.062641993165	0.931660950184	-0.357888340950	-0.025050103664
-0.088064543903	0.352033853531	0.931835174561	0.264948368073
0.000000000000	0.000000000000	0.000000000000	1.000000000000
2	10	-1
0.850436031818	-0.087185874581	0.518803834915	-0.007195532322
0.098133862019	0.995153129101	0.006374444813	-0.219530388713
-0.516844630241	0.045490816236	0.854869663715	-0.005249977112
0.000000000000	0.000000000000	0.000000000000	1.000000000000
2	11	-1
0.949427783489	0.301976770163	-0.086005412042	-0.279288262129
-0.292410850525	0.950156569481	0.108159705997	-0.321938157082
0.114380352199	-0.077541217208	0.990406334400	0.393730401993
0.000000000000	0.000000000000	0.000000000000	1.000000000000
2	34	-1
0.967059671879	-0.040260501206	0.251347273588	-1.563711643219
0.020779034123	0.996603488922	0.079687602818	0.250460863113
-0.253702014685	-0.071840107441	0.964611172676	0.019873142242
0.000000000000	0.000000000000	0.000000000000	1.000000000000
2	35	-1
0.890414893627	-0.036645971239	0.453673064709	-1.519987344742
0.112303704023	0.983624458313	-0.140962854028	0.009860455990
-0.441078245640	0.176464557648	0.879949033260	0.448705911636
0.000000000000	0.000000000000	0.000000000000	1.000000000000
2	43	-1
0.992173194885	-0.043251223862	0.117142498493	0.842877745628
-0.006790415850	0.918022155762	0.396470069885	-0.265766382217
-0.124687500298	-0.394162923098	0.910543024540	-0.459720849991
0.000000000000	0.000000000000	0.000000000000	1.000000000000
2	44	-1
0.963837087154	-0.177799895406	0.198505118489	0.868482053280
0.162229895592	0.982430875301	0.092252418399	-0.273971110582
-0.211420118809	-0.056712813675	0.975748538971	-0.420452356339
0.000000000000	0.000000000000	0.000000000000	1.000000000000
2	45	-1
0.997209310532	0.031961198896	0.067463770509	0.802978992462
-0.028151299804	0.997994720936	-0.056691277772	-0.038882002234
-0.069140285254	0.054633799940	0.996109962463	-0.304972648621
0.000000000000	0.000000000000	0.000000000000	1.000000000000
2	46	-1
0.849560976028	0.279715001583	-0.447219520807	0.548013389111
-0.283941000700	0.957013726234	0.059178613126	-0.143479183316
0.444548666477	0.076707974076	0.892464220524	0.146531343460
0.000000000000	0.000000000000	0.000000000000	1.000000000000
2	53	-1
0.801643371582	0.265272706747	-0.535722553730	0.299743622541
-0.299927264452	0.953674852848	0.023423647508	-0.050825968385
0.517118930817	0.141900867224	0.844069123268	0.081415176392
0.000000000000	0.000000000000	0.000000000000	1.000000000000
2	54	-1
0.918178081512	0.219053000212	-0.330099731684	0.648368895054
-0.223947942257	0.974314391613	0.023636067286	-0.025055162609
0.326798111200	0.052223142236	0.943650245667	0.090705871582
0.000000000000	0.000000000000	0.000000000000	1.000000000000
3	10	-1
0.898123681545	-0.131518587470	0.419613987207	0.085303843021
-0.020929092541	0.940361857414	0.339531838894	-0.248267471790
-0.439243555069	-0.313723951578	0.841808915138	-0.204546451569
0.000000000000	0.000000000000	0.000000000000	1.000000000000
3	35	-1
0.917612016201	-0.105762943625	0.383147835732	-1.540980577469
0.021358931437	0.975677251816	0.218169972301	-0.027626633644
-0.396902590990	-0.192011624575	0.897552251816	0.068052053452
0.000000000000	0.000000000000	0.000000000000	1.000000000000
3	45	-1
0.998855650425	-0.027030253783	-0.039447825402	0.905908107758
0.037411719561	0.955511808395	0.292570173740	-0.100449383259
0.029784835875	-0.293711304665	0.955429792404	-0.478899240494
0.000000000000	0.000000000000	0.000000000000	1.000000000000
3	54	-1
0.895452022552	0.164356991649	-0.413706958294	0.673379302025
-0.020491831005	0.943579196930	0.330510646105	-0.018739789724
0.444687247276	-0.287478953600	0.848297655582	-0.116536855698
0.000000000000	0.000000000000	0.000000000000	1.000000000000
4	5	-1
0.926909148693	-0.005008696113	0.375253766775	0.230680406094
-0.005766256712	0.999603152275	0.027586892247	-0.022460207343
-0.375242829323	-0.027734495699	0.926511526108	0.097259759903
0.000000000000	0.000000000000	0.000000000000	1.000000000000
4	6	-1
0.909682333469	-0.084434725344	0.406631171703	0.439512252808
0.051685031503	0.994519829750	0.090881444514	0.064041852951
-0.412076264620	-0.061656512320	0.909061014652	-0.322074413300
0.000000000000	0.000000000000	0.000000000000	1.000000000000
4	9	-1
0.970147967339	0.205494567752	-0.128778129816	0.706257104874
-0.118069477379	0.864065587521	0.489336431026	-0.381839007139
0.211829096079	-0.459524273872	0.862534463406	-0.168694019318
0.000000000000	0.000000000000	0.000000000000	1.000000000000
4	10	-1
0.801416933537	0.315724611282	-0.507984876633	0.585312128067
-0.117420218885	0.915847122669	0.383974283934	-0.344724446535
0.586466610432	-0.248075962067	0.771047949791	-0.223058700562
0.000000000000	0.000000000000	0.000000000000	1.000000000000
4	18	-1
0.569674670696	-0.191354215145	0.799283862114	-2.041056394577
0.052911642939	0.979039013386	0.196677312255	0.130430400372
-0.820165514946	-0.069750763476	0.567858815193	-0.686019420624
0.000000000000	0.000000000000	0.000000000000	1.000000000000
4	19	-1
0.908765077591	-0.006116520613	0.417263776064	-2.399300575256
-0.084214195609	0.976633369923	0.197727739811	-0.225494176149
-0.408722996712	-0.214827626944	0.887014508247	-0.075880527496
0.000000000000	0.000000000000	0.000000000000	1.000000000000
4	20	-1
0.563214004040	-0.021562220529	0.826029777527	-2.346545934677
0.033840224147	0.999422729015	0.003015144495	0.063707351685
-0.825618147850	0.026254761964	0.563618481159	-0.212532997131
0.000000000000	0.000000000000	0.000000000000	1.000000000000
4	36	-1
0.987455368042	0.011539128609	0.157477185130	-0.700299501419
-0.047766931355	0.972426235676	0.228266909719	0.080478608608
-0.150500923395	-0.232925266027	0.960778594017	-0.802096366882
0.000000000000	0.000000000000	0.000000000000	1.000000000000
4	37	-1
0.781985282898	-0.188065573573	0.594247639179	-0.147262692451
0.041297785938	0.966932833195	0.251667052507	-0.031159996986
-0.621927380562	-0.172259390354	0.763893663883	-0.147523880005
0.000000000000	0.000000000000	0.000000000000	1.000000000000
5	6	-1
0.997652351856	-0.062727600336	0.027447627857	0.358473509550
0.060210913420	0.994603633881	0.084492310882	0.067073151469
-0.032599389553	-0.082641363144	0.996045887470	-0.308079957962
0.000000000000	0.000000000000	0.000000000000	1.000000000000
5	7	-1
0.994723498821	0.102199405432	0.009039707482	0.759718775749
-0.099749989808	0.942728340626	0.318297922611	0.009421586990
0.024007324129	-0.317519992590	0.947947621346	-0.287935376167
0.000000000000	0.000000000000	0.000000000000	1.000000000000
5	8	-1
0.971009254456	0.150402337313	-0.185794845223	0.697613596916
-0.035523112863	0.859411895275	0.510048031807	-0.255564630032
0.236386805773	-0.488661646843	0.839839994907	-0.139487028122
0.000000000000	0.000000000000	0.000000000000	1.000000000000
5	9	-1
0.835273146629	0.336166054010	-0.435097754002	0.519209086895
-0.121614821255	0.884680330753	0.450055569410	-0.312842845917
0.536216378212	-0.323005497456	0.779832720757	-0.101793289185
0.000000000000	0.000000000000	0.000000000000	1.000000000000
5	37	-1
0.954882800579	-0.100479796529	0.279468476772	-0.274456441402
0.036860343069	0.973847866058	0.224192291498	0.013878464699
-0.294686496258	-0.203776031733	0.933614194393	-0.367007613182
0.000000000000	0.000000000000	0.000000000000	1.000000000000
5	38	-1
0.964479684830	-0.127573430538	0.231305509806	0.311005800962
0.058794453740	0.957357108593	0.282860815525	-0.058486461639
-0.257527083158	-0.259214252234	0.930853188038	0.082232356071
0.000000000000	0.000000000000	0.000000000000	1.000000000000
5	39	-1
0.933347523212	0.164889574051	-0.318861275911	0.723823070526
-0.032455317676	0.923384845257	0.382500857115	-0.126135259867
0.357502251863	-0.346657633781	0.867191076279	0.402889251709
0.000000000000	0.000000000000	0.000000000000	1.000000000000
5	40	-1
0.929934740067	0.234255820513	-0.283454030752	1.057328939438
-0.018475102261	0.799620389938	0.600221753120	-0.259456574917
0.367260545492	-0.552929997444	0.747922480106	0.377434253693
0.000000000000	0.000000000000	0.000000000000	1.000000000000
5	41	-1
0.921311914921	0.304770290852	-0.241449490190	0.951909184456
-0.036925110966	0.686749935150	0.725955843925	-0.451687097549
0.387065768242	-0.659916698933	0.643964469433	0.458260059357
0.000000000000	0.000000000000	0.000000000000	1.000000000000
6	7	-1
0.985711395741	0.166751489043	0.023805586621	0.347279518843
-0.167665615678	0.957762598991	0.233623504639	-0.088242113590
0.016156846657	-0.234276741743	0.972035706043	0.022675514221
0.000000000000	0.000000000000	0.000000000000	1.000000000000
6	8	-1
0.959904015064	0.212575197220	-0.182745620608	0.314441591501
-0.113850675523	0.891338229179	0.438809186220	-0.355680406094
0.256168156862	-0.400409132242	0.879801213741	0.154395699501
0.000000000000	0.000000000000	0.000000000000	1.000000000000
6	9	-1
0.797004103661	0.414923638105	-0.438888251781	0.141249001026
-0.210872843862	0.872105002403	0.441548883915	-0.453497797251
0.565965950489	-0.259366482496	0.782567322254	0.218766212463
0.000000000000	0.000000000000	0.000000000000	1.000000000000
6	37	-1
0.967435896397	-0.032721024007	0.250991761684	-0.614917993546
0.000371856790	0.991791963577	0.127863392234	-0.015812933445
-0.253115326166	-0.123606368899	0.959507226944	-0.091083407402
0.000000000000	0.000000000000	0.000000000000	1.000000000000
6	38	-1
0.972150683403	-0.049464914948	0.229075893760	-0.089340507984
0.004999271594	0.981626272202	0.190748617053	-0.164398252964
-0.234302073717	-0.184291094542	0.954536139965	0.384680628777
0.000000000000	0.000000000000	0.000000000000	1.000000000000
6	39	-1
0.916280567646	0.252138346434	-0.311218172312	0.317965328693
-0.143327802420	0.931951284409	0.333052933216	-0.284061580896
0.374015390873	-0.260563522577	0.890067219734	0.695565462112
0.000000000000	0.000000000000	0.000000000000	1.000000000000
6	40	-1
0.919305860996	0.316462516785	-0.233939364552	0.609297513962
-0.143903285265	0.823591649532	0.548624098301	-0.449161857367
0.366289466619	-0.470688730478	0.802672982216	0.649568319321
0.000000000000	0.000000000000	0.000000000000	1.000000000000
6	41	-1
0.904442965984	0.369393527508	-0.213383376598	0.528997063637
-0.130356326699	0.715589642525	0.686248838902	-0.647832393646
0.406190782785	-0.592856884003	0.695362985134	0.740186095238
0.000000000000	0.000000000000	0.000000000000	1.000000000000
7	8	-1
0.968091666698	0.081752434373	-0.236886888742	0.003099322319
-0.037094362080	0.981625914574	0.187174960971	-0.291041612625
0.247836217284	-0.172415390611	0.953336298466	0.063726186752
0.000000000000	0.000000000000	0.000000000000	1.000000000000
7	37	-1
0.949456334114	-0.197216331959	0.244211956859	-0.976695477962
0.218299567699	0.973895788193	-0.062228359282	-0.064130663872
-0.225564867258	0.112394459546	0.967723071575	-0.107503652573
0.000000000000	0.000000000000	0.000000000000	1.000000000000
7	38	-1
0.958331942558	-0.195938944817	0.207865789533	-0.416231036186
0.203317523003	0.979005277157	-0.014530181885	-0.221767991781
-0.200654640794	0.056187681854	0.978049397469	0.328535079956
0.000000000000	0.000000000000	0.000000000000	1.000000000000
7	39	-1
0.943236649036	0.071762613952	-0.324276089668	-0.012612044811
-0.060982719064	0.997199416161	0.043298523873	-0.338749468327
0.326474756002	-0.021065659821	0.944971323013	0.603485584259
0.000000000000	0.000000000000	0.000000000000	1.000000000000
7	40	-1
0.934884786606	0.175755724311	-0.308383584023	0.324028730392
-0.086189083755	0.955207169056	0.283109635115	-0.436763077974
0.344328343868	-0.238095566630	0.908156752586	0.531209230423
0.000000000000	0.000000000000	0.000000000000	1.000000000000
7	41	-1
0.920747637749	0.256011009216	-0.294419258833	0.254797607660
-0.091225020587	0.874959409237	0.475524932146	-0.712130427361
0.379344344139	-0.410979777575	0.828971207142	0.582194209099
0.000000000000	0.000000000000	0.000000000000	1.000000000000
8	9	-1
0.938267588615	0.217816352844	-0.268719494343	-0.134325355291
-0.247854247689	0.965233385563	-0.083023361862	-0.036536902189
0.241293147206	0.144501075149	0.959634065628	0.040530443192
0.000000000000	0.000000000000	0.000000000000	1.000000000000
8	36	-1
0.403472781181	-0.311864078045	0.860203981400	-1.595007061958
0.520235180855	0.851567149162	0.064720228314	0.184383481741
-0.752705156803	0.421395212412	0.505827188492	-0.096766948700
0.000000000000	0.000000000000	0.000000000000	1.000000000000
8	37	-1
0.864094614983	-0.183848425746	0.468550115824	-0.988073587418
0.316777706146	0.922056078911	-0.222405254841	0.205470860004
-0.391140282154	0.340605705976	0.854983448982	0.103115081787
0.000000000000	0.000000000000	0.000000000000	1.000000000000
8	38	-1
0.872250616550	-0.212978050113	0.440248876810	-0.342884391546
0.319144785404	0.929984509945	-0.182415768504	0.010817058384
-0.370574027300	0.299615234137	0.879150509834	0.365454554558
0.000000000000	0.000000000000	0.000000000000	1.000000000000
8	39	-1
0.994212865829	0.048196058720	-0.096008874476	0.132831662893
-0.062129303813	0.987051904202	-0.147879213095	-0.141396880150
0.087638504803	0.152988389134	0.984334349632	0.510348916054
0.000000000000	0.000000000000	0.000000000000	1.000000000000
8	40	-1
0.994122743607	0.078053861856	-0.075014114380	0.422659695148
-0.068939425051	0.990707576275	0.117242619395	-0.225294560194
0.083468876779	-0.111381933093	0.990266203880	0.346461653709
0.000000000000	0.000000000000	0.000000000000	1.000000000000
8	41	-1
0.989950239658	0.112118475139	-0.086183093488	0.367116153240
-0.082422055304	0.952671229839	0.292616039515	-0.469011545181
0.114912055433	-0.282572090626	0.952338337898	0.351676821709
0.000000000000	0.000000000000	0.000000000000	1.000000000000
8	42	-1
0.670421004295	0.639717876911	-0.375895708799	0.126959860325
-0.484445482492	0.761119902134	0.431288331747	-0.438739359379
0.562004566193	-0.107043392956	0.820178568363	0.367834568024
0.000000000000	0.000000000000	0.000000000000	1.000000000000
9	10	-1
0.924563586712	0.161526590586	-0.345096975565	-0.210960924625
-0.220884665847	0.965197622776	-0.140010043979	0.059805244207
0.310471773148	0.205674856901	0.928065419197	-0.031386137009
0.000000000000	0.000000000000	0.000000000000	1.000000000000
9	20	-1
0.535947680473	0.017429722473	0.844071209431	-2.601409912109
0.433991998434	0.851885914803	-0.293156832457	0.277525991201
-0.724161922932	0.523437142372	0.449002295732	0.380463123322
0.000000000000	0.000000000000	0.000000000000	1.000000000000
9	36	-1
0.927180528641	-0.130193188787	0.351263225079	-1.619738936424
0.217639297247	0.950396716595	-0.222214534879	0.422103762627
-0.304908871651	0.282481551170	0.909524440765	-0.111518383026
0.000000000000	0.000000000000	0.000000000000	1.000000000000
9	43	-1
0.677040159702	0.513628900051	-0.527068734169	0.605593383312
-0.354417681694	0.855215489864	0.378145277500	-0.345370113850
0.644984066486	-0.069217175245	0.761054575443	0.306615948677
0.000000000000	0.000000000000	0.000000000000	1.000000000000
9	44	-1
0.796650528908	0.173013895750	-0.579149067402	0.577895283699
-0.168851837516	0.983713507652	0.061607189476	-0.294665843248
0.580375611782	0.048711694777	0.812890529633	0.270604968071
0.000000000000	0.000000000000	0.000000000000	1.000000000000
9	45	-1
0.657382667065	0.199716582894	-0.726609528065	0.512931346893
-0.343037396669	0.937848329544	-0.052577760071	-0.008002229035
0.670949637890	0.283818155527	0.685035824776	0.360899925232
0.000000000000	0.000000000000	0.000000000000	1.000000000000
10	18	-1
-0.165863931179	-0.338052660227	0.926396012306	-2.486862659454
0.403776764870	0.833772897720	0.376546442509	-0.555893599987
-0.899696350098	0.436512589455	-0.001794739277	1.496371507645
0.000000000000	0.000000000000	0.000000000000	1.000000000000
10	19	-1
0.501477837563	-0.243408322334	0.830223679543	-2.331121921539
0.338829040527	0.938209712505	0.070405930281	-0.810868084431
-0.796061635017	0.245997130871	0.552965760231	1.675381541252
0.000000000000	0.000000000000	0.000000000000	1.000000000000
10	20	-1
0.031343448907	-0.109358005226	0.993507683277	-2.344174146652
0.375241130590	0.922575056553	0.089712493122	-0.510064303875
-0.926397144794	0.369993567467	0.069951474667	1.469909310341
0.000000000000	0.000000000000	0.000000000000	1.000000000000
10	35	-1
0.997485339642	-0.015376068652	-0.069178737700	-1.531770706177
0.005448897369	0.989929616451	-0.141457214952	0.385314077139
0.070657119155	0.140724688768	0.987524330616	-0.379741907120
0.000000000000	0.000000000000	0.000000000000	1.000000000000
10	36	-1
0.704631328583	-0.246328249574	0.665446162224	-1.426012039185
0.300361394882	0.953190803528	0.034794542938	0.079999022186
-0.642867922783	0.175357222557	0.745634794235	0.355610132217
0.000000000000	0.000000000000	0.000000000000	1.000000000000
10	43	-1
0.902756154537	0.277857154608	-0.328369081020	0.917889714241
-0.113458596170	0.890155971050	0.441304832697	-0.215850785375
0.414919674397	-0.361134320498	0.835118830204	0.094841957092
0.000000000000	0.000000000000	0.000000000000	1.000000000000
10	44	-1
0.947658121586	-0.048481870443	-0.315586268902	0.914569318295
0.091458506882	0.988205850124	0.122821323574	-0.129863753915
0.305908799171	-0.145255580544	0.940915048122	0.072878837585
0.000000000000	0.000000000000	0.000000000000	1.000000000000
10	45	-1
0.890769183636	0.075874075294	-0.448077678680	0.812745690346
-0.097542032599	0.994906187057	-0.025441799313	0.133414357901
0.443864941597	0.066369190812	0.893632650375	0.133986234665
0.000000000000	0.000000000000	0.000000000000	1.000000000000
10	54	-1
0.568708539009	0.249351188540	-0.783833503723	0.597022294998
-0.286479055882	0.953324079514	0.095415182412	0.129219859838
0.771038353443	0.170288011432	0.613597691059	0.477382898331
0.000000000000	0.000000000000	0.000000000000	1.000000000000
11	34	-1
0.884051740170	-0.336461931467	0.324416995049	-1.414501667023
0.325894057751	0.941286981106	0.088158525527	0.154388248920
-0.335031658411	0.027788929641	0.941797137260	-0.191712379456
0.000000000000	0.000000000000	0.000000000000	1.000000000000
11	35	-1
0.772315919399	-0.300877690315	0.559463083744	-1.237850427628
0.403430223465	0.912618458271	-0.066114984453	-0.055540561676
-0.490684211254	0.276766121387	0.826213896275	0.168894052505
0.000000000000	0.000000000000	0.000000000000	1.000000000000
11	46	-1
0.944741606712	-0.003853795351	-0.327793121338	0.668724775314
-0.044252108783	0.989278972149	-0.139170810580	0.417400121689
0.324815303087	0.145986303687	0.934442758560	-0.302342176437
0.000000000000	0.000000000000	0.000000000000	1.000000000000
11	47	-1
0.811121344566	0.095893718302	-0.576962828636	0.043057322502
-0.112282492220	0.993649363518	0.007297529839	0.211175858974
0.573998153210	0.058863360435	0.816737771034	-0.146493673325
0.000000000000	0.000000000000	0.000000000000	1.000000000000
11	53	-1
0.920068323612	-0.020285459235	-0.391232222319	0.343570470810
-0.064969070256	0.976928591728	-0.203442916274	0.436600744724
0.386332839727	0.212599247694	0.897523462772	-0.328483343124
0.000000000000	0.000000000000	0.000000000000	1.000000000000
11	54	-1
0.980635166168	-0.067560657859	-0.183821007609	0.663373053074
0.043683137745	0.990422308445	-0.130976811051	0.539871692657
0.190909206867	0.120410107076	0.974194288254	-0.368502378464
0.000000000000	0.000000000000	0.000000000000	1.000000000000
12	13	-1
0.853018522263	0.276262700558	-0.442762136459	-0.118299245834
-0.255070686340	0.960858881474	0.108116179705	-0.397832393646
0.455300182104	0.020710187033	0.890096962452	0.710445642471
0.000000000000	0.000000000000	0.000000000000	1.000000000000
12	32	-1
0.779213070869	-0.474049508572	0.410005450249	-1.482023715973
0.368583530188	0.875681638718	0.311974704266	-0.434588819742
-0.506925702095	-0.091973565519	0.857069015503	1.215387463570
0.000000000000	0.000000000000	0.000000000000	1.000000000000
12	33	-1
0.629508376122	-0.475801944733	0.614273965359	-1.792155742645
0.458061486483	0.865842461586	0.201239034534	-0.260268509388
-0.627614378929	0.154693514109	0.763000845909	0.806524753571
0.000000000000	0.000000000000	0.000000000000	1.000000000000
12	47	-1
0.940639257431	-0.207600891590	0.268513470888	-0.745290160179
0.238210484385	0.967346549034	-0.086580917239	0.581941962242
-0.241771131754	0.145404413342	0.959377050400	-0.676064014435
0.000000000000	0.000000000000	0.000000000000	1.000000000000
12	48	-1
0.993790745735	-0.089809730649	-0.065671682358	-0.921794414520
0.081145174801	0.988903105259	-0.124438807368	0.436211228371
0.076119318604	0.118337757885	0.990051507950	-0.458525419235
0.000000000000	0.000000000000	0.000000000000	1.000000000000
12	52	-1
0.998590826988	-0.050120510161	0.017432006076	-1.010422229767
0.053023919463	0.955466806889	-0.290296971798	0.558902502060
-0.002106001135	0.290811717510	0.956778109074	-0.697999477386
0.000000000000	0.000000000000	0.000000000000	1.000000000000
12	53	-1
0.839034318924	-0.193332210183	0.508571088314	-0.810967683792
0.316732436419	0.933582961559	-0.167641267180	0.779050350189
-0.442382782698	0.301737576723	0.844542443752	-1.004845142365
0.000000000000	0.000000000000	0.000000000000	1.000000000000
13	14	-1
0.766679167747	0.250758618116	-0.591034471989	0.326321840286
-0.360076814890	0.930103302002	-0.072468735278	-0.201075971127
0.531550705433	0.268378168344	0.803384304047	0.392108678818
0.000000000000	0.000000000000	0.000000000000	1.000000000000
13	24	-1
0.671453297138	0.275824308395	-0.687801897526	-0.176767945290
-0.397849023342	0.917220532894	-0.020565887913	-0.308328419924
0.625193297863	0.287450104952	0.725607037544	0.637789249420
0.000000000000	0.000000000000	0.000000000000	1.000000000000
13	25	-1
0.910827457905	0.243936941028	-0.332998484373	-0.141183018684
-0.158120691776	0.951357245445	0.264417499304	-0.260598123074
0.381302058697	-0.188185259700	0.905093729496	0.670577049255
0.000000000000	0.000000000000	0.000000000000	1.000000000000
13	26	-1
0.987379014492	-0.048507150263	-0.150761142373	-0.042049467564
0.040313456208	0.997563481331	-0.056937847286	-0.472801774740
0.153155550361	0.050141364336	0.986929237843	0.978788137436
0.000000000000	0.000000000000	0.000000000000	1.000000000000
13	47	-1
0.574395358562	-0.360402941704	0.734969079494	-1.603219270706
0.480829536915	0.875187635422	0.053381923586	0.606025874615
-0.662474751472	0.322732478380	0.675996303558	-0.738907098770
0.000000000000	0.000000000000	0.000000000000	1.000000000000
13	48	-1
0.842801630497	-0.290833622217	0.452880114317	-1.490335464478
0.378924131393	0.918188691139	-0.115522511303	0.532069861889
-0.382231354713	0.268969893456	0.884055614471	-0.531806468964
0.000000000000	0.000000000000	0.000000000000	1.000000000000
13	49	-1
0.998555958271	-0.053691003472	-0.001528078923	-1.614303946495
0.051518213004	0.965418040752	-0.255566060543	0.355079889297
0.015196625143	0.255118131638	0.966790378094	-0.412846326828
0.000000000000	0.000000000000	0.000000000000	1.000000000000
13	51	-1
0.998351275921	0.019934099168	-0.053831804544	-1.809918165207
-0.038450486958	0.928533256054	-0.369252443314	0.459395676851
0.042623877525	0.370713442564	0.927768647671	-0.515322685242
0.000000000000	0.000000000000	0.000000000000	1.000000000000
13	52	-1
0.820022642612	-0.161613494158	0.549038052559	-1.698804140091
0.334131836891	0.914034426212	-0.229994043708	0.564646124840
-0.464669317007	0.372051328421	0.803529620171	-0.718340158463
0.000000000000	0.000000000000	0.000000000000	1.000000000000
14	15	-1
0.931761562824	0.132195502520	-0.338149785995	0.208660602570
-0.127095833421	0.991189539433	0.037284467369	-0.003228053451
0.340099364519	0.008237098344	0.940353512764	0.053367376328
0.000000000000	0.000000000000	0.000000000000	1.000000000000
14	16	-1
0.877952635288	0.206805601716	-0.431775301695	0.146324276924
-0.188440591097	0.978361189365	0.085434593260	0.162560120225
0.440100610256	0.006356655620	0.897925913334	-0.340924501419
0.000000000000	0.000000000000	0.000000000000	1.000000000000
14	23	-1
0.890230953693	0.134624406695	-0.435161679983	-0.078204274178
-0.116195045412	0.990838587284	0.068826474249	0.021639905870
0.440440893173	-0.010707638226	0.897717714310	0.152185440063
0.000000000000	0.000000000000	0.000000000000	1.000000000000
14	24	-1
0.990627348423	0.021847659722	-0.134837418795	-0.208919927478
-0.024164719507	0.999587297440	-0.015571929514	-0.137522295117
0.134441211820	0.018683947623	0.990745484829	0.489005804062
0.000000000000	0.000000000000	0.000000000000	1.000000000000
14	25	-1
0.960100948811	-0.249668166041	0.125984758139	-0.156147480011
0.179853037000	0.896235466003	0.405480235815	-0.096622943878
-0.214147552848	-0.366643369198	0.905380249023	0.513244867325
0.000000000000	0.000000000000	0.000000000000	1.000000000000
14	26	-1
0.802473604679	-0.373753339052	0.465127706528	0.052912592888
0.327705264091	0.927492737770	0.179905548692	-0.191776081920
-0.498643040657	0.008055625483	0.866769850254	0.713187932968
0.000000000000	0.000000000000	0.000000000000	1.000000000000
14	49	-1
0.722623169422	-0.266120672226	0.637961864471	-2.202345371246
0.321512371302	0.946410179138	0.030609071255	-0.227457553148
-0.611919581890	0.182994082570	0.769459307194	0.563769340515
0.000000000000	0.000000000000	0.000000000000	1.000000000000
14	51	-1
0.783724367619	-0.128644779325	0.607640445232	-2.409898042679
0.236134961247	0.966568171978	-0.099928438663	-0.204617738724
-0.574470758438	0.221801683307	0.787900567055	0.560424804688
0.000000000000	0.000000000000	0.000000000000	1.000000000000
15	16	-1
0.991061508656	0.073166981339	-0.111554093659	-0.200437769294
-0.070328228176	0.997097134590	0.029176713899	0.171972021461
0.113364629447	-0.021070595831	0.993330180645	-0.354305028915
0.000000000000	0.000000000000	0.000000000000	1.000000000000
15	22	-1
0.925746500492	0.219357997179	-0.308018922806	-0.418015062809
-0.141307264566	0.956218004227	0.256278842688	0.265066146851
0.350750327110	-0.193724066019	0.916212201118	-0.534690618515
0.000000000000	0.000000000000	0.000000000000	1.000000000000
15	23	-1
0.994263887405	-0.011180622503	-0.106368266046	-0.239129155874
0.013377363794	0.999711513519	0.019960409030	-0.022988231853
0.106114372611	-0.021269071847	0.994126319885	0.199353218079
0.000000000000	0.000000000000	0.000000000000	1.000000000000
15	24	-1
0.971757113934	-0.106651857495	0.210509404540	-0.213701978326
0.115056127310	0.992962837219	-0.028053097427	-0.178373396397
-0.206036120653	0.051481224597	0.977189183235	0.548734664917
0.000000000000	0.000000000000	0.000000000000	1.000000000000
15	49	-1
0.402754604816	-0.290951311588	0.867833852768	-2.086838722229
0.413456171751	0.903720259666	0.111100986600	-0.516178488731
-0.816604137421	0.314064800739	0.484273642302	1.372251987457
0.000000000000	0.000000000000	0.000000000000	1.000000000000
15	50	-1
0.697957277298	-0.092370726168	0.710157215595	-2.093591451645
0.324903219938	0.924560129642	-0.199063554406	-0.459048449993
-0.638195276260	0.369670212269	0.675315201283	1.365931510925
0.000000000000	0.000000000000	0.000000000000	1.000000000000
15	51	-1
0.492222636938	-0.144310891628	0.858423650265	-2.266831159592
0.336595922709	0.941005408764	-0.034811172634	-0.486918926239
-0.802757740021	0.306076914072	0.511758685112	1.417273402214
0.000000000000	0.000000000000	0.000000000000	1.000000000000
16	17	-1
0.943624377251	0.126379474998	-0.305943518877	-0.295371085405
-0.125717565417	0.991823852062	0.021952260286	0.135581299663
0.306215882301	0.017748575658	0.951797008514	-0.307807683945
0.000000000000	0.000000000000	0.000000000000	1.000000000000
16	22	-1
0.968414485455	0.122670270503	-0.217081516981	-0.250399917364
-0.077896066010	0.975875973701	0.203957542777	0.103307247162
0.236864253879	-0.180605724454	0.954608261585	-0.155513048172
0.000000000000	0.000000000000	0.000000000000	1.000000000000
16	23	-1
0.996607244015	-0.082292780280	0.001353418920	0.052197407931
0.082302838564	0.996546745300	-0.011012071744	-0.206021040678
-0.000442603079	0.011085985228	0.999938488007	0.554425001144
0.000000000000	0.000000000000	0.000000000000	1.000000000000
16	24	-1
0.940322577953	-0.166282668710	0.296887993813	0.163520365953
0.184291601181	0.982299327850	-0.033528480679	-0.367028534412
-0.286057382822	0.086241759360	0.954323470592	0.870872974396
0.000000000000	0.000000000000	0.000000000000	1.000000000000
16	48	-1
0.195736929774	-0.377958506346	0.904894411564	-1.379014611244
0.508116602898	0.828307449818	0.236059308052	-0.177735328674
-0.838751494884	0.413586765528	0.354177504778	0.705191612244
0.000000000000	0.000000000000	0.000000000000	1.000000000000
16	49	-1
0.297067821026	-0.291819840670	0.909169912338	-1.631640315056
0.448444575071	0.883252382278	0.136974528432	-0.796818256378
-0.842999458313	0.367022067308	0.393251419067	1.879552364349
0.000000000000	0.000000000000	0.000000000000	1.000000000000
16	51	-1
0.388766705990	-0.144313961267	0.909963905811	-1.801516890526
0.376827508211	0.926176488400	-0.014107798226	-0.775060117245
-0.840751051903	0.348383635283	0.414447784424	1.948277235031
0.000000000000	0.000000000000	0.000000000000	1.000000000000
17	21	-1
0.943498551846	0.171742737293	-0.283397883177	-0.241642415524
-0.163435682654	0.985135197639	0.052889000624	0.036657154560
0.288268595934	-0.003583402140	0.957542955875	-0.093986988068
0.000000000000	0.000000000000	0.000000000000	1.000000000000
17	22	-1
0.995136737823	-0.069750502706	0.069552659988	0.095386542380
0.055032316595	0.979314148426	0.194718897343	-0.030172482133
-0.081695944071	-0.189944237471	0.978390157223	0.131545305252
0.000000000000	0.000000000000	0.000000000000	1.000000000000
18	19	-1
0.748856723309	0.158485382795	-0.643502771854	-0.142006337643
-0.211595997214	0.977341353893	-0.005533954129	-0.147961378098
0.628045201302	0.140307009220	0.765423655510	0.096393108368
0.000000000000	0.000000000000	0.000000000000	1.000000000000
18	20	-1
0.989201188087	0.039423134178	-0.141162857413	-0.115591645241
-0.065743759274	0.980164408684	-0.186966478825	-0.090671770275
0.130991473794	0.194227978587	0.972171306610	0.102207183838
0.000000000000	0.000000000000	0.000000000000	1.000000000000
18	36	-1
0.598945617676	0.248169228435	-0.761364221573	1.075955510139
-0.244047760963	0.962106704712	0.121615961194	-0.315420031548
0.762695670128	0.112968109548	0.636814892292	1.208035826683
0.000000000000	0.000000000000	0.000000000000	1.000000000000
18	45	-1
-0.507978320122	0.333525747061	-0.794177472591	1.161881923676
-0.191700726748	0.855095922947	0.481727480888	-1.050937652588
0.839765965939	0.396952509880	-0.370433658361	3.297094583511
0.000000000000	0.000000000000	0.000000000000	1.000000000000
19	20	-1
0.872937023640	-0.092436484993	0.478995501995	0.232744812965
0.149882927537	0.985211551189	-0.083025500178	0.132317721844
-0.464237511158	0.144269347191	0.873882234097	-0.090032339096
0.000000000000	0.000000000000	0.000000000000	1.000000000000
19	35	-1
0.440610140562	0.240272834897	-0.864946126938	2.453183174133
-0.232560962439	0.961172521114	0.148535221815	0.367732763290
0.867051601410	0.135706439614	0.479380309582	-0.379939675331
0.000000000000	0.000000000000	0.000000000000	1.000000000000
19	36	-1
0.966468930244	0.058821152896	-0.249956443906	1.817558765411
-0.045236904174	0.997187733650	0.059753783047	0.263610482216
0.252768278122	-0.046442754567	0.966411769390	0.091548442841
0.000000000000	0.000000000000	0.000000000000	1.000000000000
20	36	-1
0.707868576050	0.208586260676	-0.674843251705	1.328570127487
-0.068868748844	0.971232175827	0.227957129478	0.019815206528
0.702978849411	-0.114888243377	0.701870381832	0.946542024612
0.000000000000	0.000000000000	0.000000000000	1.000000000000
21	22	-1
0.899665296078	-0.287664860487	0.328406691551	0.370265007019
0.230084717274	0.951695263386	0.203315109015	-0.010512262583
-0.371029794216	-0.107354357839	0.922394573689	0.125987768173
0.000000000000	0.000000000000	0.000000000000	1.000000000000
22	23	-1
0.952423214912	-0.161275431514	0.258614242077	0.437618046999
0.215597778559	0.956268250942	-0.197657108307	-0.375723898411
-0.215427532792	0.244010224938	0.945542156696	0.558671474457
0.000000000000	0.000000000000	0.000000000000	1.000000000000
23	24	-1
0.947483181953	-0.089467793703	0.307035535574	0.078146785498
0.109856821597	0.992701888084	-0.049741644412	-0.166332140565
-0.300344407558	0.080859541893	0.950397253036	0.344041109085
0.000000000000	0.000000000000	0.000000000000	1.000000000000
23	49	-1
0.319557756186	-0.222618415952	0.921045243740	-1.732187509537
0.430660754442	0.899941146374	0.068099007010	-0.449113905430
-0.844046711922	0.374896615744	0.383455961943	1.371071457863
0.000000000000	0.000000000000	0.000000000000	1.000000000000
23	50	-1
0.611777186394	-0.044083751738	0.789800524712	-1.765009999275
0.331728190184	0.920705854893	-0.205566242337	-0.485581427813
-0.718111872673	0.387760102749	0.577890694141	1.428083181381
0.000000000000	0.000000000000	0.000000000000	1.000000000000
23	51	-1
0.406363099813	-0.081545084715	0.910065770149	-1.894496917725
0.347877949476	0.934804022312	-0.071572892368	-0.430732965469
-0.844896674156	0.345676153898	0.408237576485	1.435093879700
0.000000000000	0.000000000000	0.000000000000	1.000000000000
24	25	-1
0.913225173950	-0.326103687286	0.244285419583	0.031468957663
0.205079644918	0.885937094688	0.416002422571	0.060068249702
-0.352081000805	-0.329806149006	0.875937581062	0.012285709381
0.000000000000	0.000000000000	0.000000000000	1.000000000000
24	49	-1
0.607499480247	-0.261167764664	0.750156641006	-2.007449865341
0.334970086813	0.940552055836	0.056184981018	-0.132767230272
-0.720234811306	0.217147946358	0.658868968487	0.393239498138
0.000000000000	0.000000000000	0.000000000000	1.000000000000
24	50	-1
0.828829765320	-0.098732128739	0.550720512867	-2.065314769745
0.243217438459	0.950019717216	-0.195722907782	-0.155433967710
-0.503870964050	0.296165823936	0.811418294907	0.427892208099
0.000000000000	0.000000000000	0.000000000000	1.000000000000
24	51	-1
0.680669426918	-0.124787792563	0.721884727478	-2.195120573044
0.253964424133	0.964474380016	-0.072741471231	-0.122490957379
-0.687162280083	0.232845798135	0.688179612160	0.402276992798
0.000000000000	0.000000000000	0.000000000000	1.000000000000
25	26	-1
0.945814311504	-0.178299471736	0.271377056837	0.208914428949
0.259293258190	0.917797565460	-0.300690531731	-0.177606791258
-0.195456087589	0.354763776064	0.914297223091	0.186075448990
0.000000000000	0.000000000000	0.000000000000	1.000000000000
25	48	-1
0.630065739155	-0.290924757719	0.719986617565	-1.666485428810
0.600942432880	0.769889295101	-0.214800372720	0.757114171982
-0.491819053888	0.568008661270	0.659909367561	-0.525610923767
0.000000000000	0.000000000000	0.000000000000	1.000000000000
25	49	-1
0.900999784470	-0.085671633482	0.425276190042	-1.946884393692
0.290833920240	0.846671164036	-0.445604979992	0.478613078594
-0.321893543005	0.525174915791	0.787766456604	-0.273921251297
0.000000000000	0.000000000000	0.000000000000	1.000000000000
25	51	-1
0.933472931385	0.053249988705	0.354671835899	-2.134474754333
0.170957475901	0.803271889687	-0.570550441742	0.608531415462
-0.315279722214	0.593227624893	0.740729391575	-0.288199901581
0.000000000000	0.000000000000	0.000000000000	1.000000000000
25	52	-1
