0	1	-1
0.842802345753	-0.317505598068	0.434598535299	-0.160553872585
0.239207118750	0.944302141666	0.225994646549	0.068321526051
-0.482146352530	-0.086510330439	0.871809005737	-0.067245483398
0.000000000000	0.000000000000	0.000000000000	1.000000000000
0	14	-1
0.953672289848	0.076194249094	-0.291036754847	0.707224845886
-0.058079935610	0.995826721191	0.070393197238	-0.079711548984
0.295185804367	-0.050228357315	0.954118669033	0.125787138939
0.000000000000	0.000000000000	0.000000000000	1.000000000000
0	24	-1
0.502616226673	-0.360995888710	0.785531878471	-1.299822688103
0.310981571674	0.923317134380	0.225336343050	-0.311695009470
-0.806639730930	0.131028115749	0.576336920261	1.085835814476
0.000000000000	0.000000000000	0.000000000000	1.000000000000
0	25	-1
0.607239127159	-0.394813537598	0.689480245113	-1.237694978714
0.325452953577	0.915254354477	0.237464502454	-0.117905467749
-0.724803745747	0.080196067691	0.684271514416	0.375079274178
0.000000000000	0.000000000000	0.000000000000	1.000000000000
0	26	-1
0.864175438881	-0.308464169502	0.397557616234	-1.742606997490
0.256113737822	0.949709177017	0.180160343647	0.046445630491
-0.433137238026	-0.053869802505	0.899716675282	-0.123532772064
0.000000000000	0.000000000000	0.000000000000	1.000000000000
1	2	-1
0.714289069176	-0.066003069282	0.696732103825	-0.433667838573
0.421156764030	0.835640192032	-0.352608114481	-0.114997506142
-0.558944106102	0.545297503471	0.624686002731	-0.152964115143
0.000000000000	0.000000000000	0.000000000000	1.000000000000
1	14	-1
0.642245650291	0.319984316826	-0.696513652802	0.609829902649
-0.374683678150	0.923789143562	0.078905731440	-0.434556037188
0.668680012226	0.210294947028	0.713192284107	0.534998536110
0.000000000000	0.000000000000	0.000000000000	1.000000000000
1	15	-1
0.892879307270	-0.281961470842	0.351089954376	0.068971872330
0.289270460606	0.956690132618	0.032658670098	-0.333693861961
-0.345092564821	0.072399720550	0.935772061348	0.467666268349
0.000000000000	0.000000000000	0.000000000000	1.000000000000
1	16	-1
0.531299114227	-0.286836266518	0.797148287296	-0.590651929379
0.413603425026	0.909003734589	0.051418200135	-0.127686694264
-0.739359438419	0.302384972572	0.601589798927	0.085791826248
0.000000000000	0.000000000000	0.000000000000	1.000000000000
1	23	-1
0.184707671404	-0.371563017368	0.909848928452	-1.819332480431
0.541872501373	0.810849010944	0.221128657460	-0.319928616285
-0.819913446903	0.452178150415	0.351109296083	0.824378490448
0.000000000000	0.000000000000	0.000000000000	1.000000000000
1	24	-1
0.892787754536	-0.176541969180	0.414443999529	-1.567353844643
0.219245105982	0.973980307579	-0.057403430343	-0.157104253769
-0.393525987864	0.142113700509	0.908262491226	0.385846257210
0.000000000000	0.000000000000	0.000000000000	1.000000000000
1	25	-1
0.945843994617	-0.169642388821	0.276768475771	-1.098138332367
0.188773497939	0.981043219566	-0.043803505599	0.107297897339
-0.264091044664	0.093677766621	0.959937810898	-0.153039932251
0.000000000000	0.000000000000	0.000000000000	1.000000000000
2	15	-1
0.945112049580	0.182637006044	-0.270937830210	-0.055747628212
-0.011069460772	0.846618711948	0.532084822655	0.088051855564
0.326559424400	-0.499880343676	0.802171289921	0.840975999832
0.000000000000	0.000000000000	0.000000000000	1.000000000000
2	16	-1
0.967754125595	-0.007431065664	0.251785695553	-0.270559042692
-0.078758858144	0.940523445606	0.330473184586	0.113217413425
-0.239266097546	-0.339647531509	0.909610509872	0.057024478912
0.000000000000	0.000000000000	0.000000000000	1.000000000000
2	23	-1
0.820363581181	-0.200250715017	0.535633027554	-1.635279297829
-0.000442296005	0.936458110809	0.350780367851	0.372861146927
-0.571841597557	-0.288004159927	0.768147587776	-0.306691884995
0.000000000000	0.000000000000	0.000000000000	1.000000000000
3	4	-1
0.961249768734	0.035608671606	0.273369848728	0.030600160360
0.158693388104	0.739376902580	-0.654322445393	0.284281492233
-0.225422918797	0.672349452972	0.705075085163	-0.506295442581
0.000000000000	0.000000000000	0.000000000000	1.000000000000
3	12	-1
0.765795826912	-0.154385760427	0.624276816845	-1.584545135498
0.324790418148	0.930699944496	-0.168252870440	-0.242876529694
-0.555038452148	0.331606239080	0.762869179249	0.599100112915
0.000000000000	0.000000000000	0.000000000000	1.000000000000
3	16	-1
0.782671451569	0.306084841490	-0.541976392269	-0.011016577482
-0.378047406673	0.925494074821	-0.023260578513	-0.107106730342
0.494476199150	0.223098322749	0.840071678162	0.012497663498
0.000000000000	0.000000000000	0.000000000000	1.000000000000
3	17	-1
0.975891053677	-0.041616823524	0.214252933860	-0.155064553022
0.071592882276	0.988376855850	-0.134112119675	0.410517007113
-0.206181153655	0.146217748523	0.967527508736	-0.596654415131
0.000000000000	0.000000000000	0.000000000000	1.000000000000
4	17	-1
0.997784018517	0.066175833344	-0.006957515143	-0.211407512426
-0.051719725132	0.837077915668	0.544633388519	0.067496120930
0.041864998639	-0.543066799641	0.838645577431	-0.197293996811
0.000000000000	0.000000000000	0.000000000000	1.000000000000
5	6	-1
0.862306177616	-0.018464801833	0.506051003933	-0.048869967461
0.293578445911	0.832481026649	-0.469879388809	-0.032097995281
-0.412602186203	0.553745627403	0.723273932934	-0.095156431198
0.000000000000	0.000000000000	0.000000000000	1.000000000000
5	11	-1
0.685079038143	-0.147173762321	0.713446974754	-1.647986173630
0.416862487793	0.882374823093	-0.218266576529	0.396923959255
-0.597404420376	0.446939408779	0.665847718716	-0.390321016312
0.000000000000	0.000000000000	0.000000000000	1.000000000000
5	13	-1
0.597289562225	-0.339901655912	0.726437568665	-1.633171796799
0.496853679419	0.867830753326	-0.002462050179	0.299215495586
-0.629588246346	0.362403780222	0.687228083611	-0.103566646576
0.000000000000	0.000000000000	0.000000000000	1.000000000000
5	17	-1
0.559463918209	0.487842977047	-0.670081257820	0.187664866447
-0.482004851103	0.849177896976	0.215796276927	-0.014399200678
0.674293220043	0.202252283692	0.710227191448	-0.055444002151
0.000000000000	0.000000000000	0.000000000000	1.000000000000
5	18	-1
0.884280085564	-0.224797815084	0.409286886454	0.119752645493
0.253894358873	0.967076063156	-0.017388973385	0.139373347163
-0.391902118921	0.119292140007	0.912240386009	-0.261680364609
0.000000000000	0.000000000000	0.000000000000	1.000000000000
5	22	-1
0.983382999897	-0.085948504508	0.159913107753	0.346038490534
0.087175436318	0.996192812920	-0.000664129504	0.344340741634
-0.159246549010	0.014593305998	0.987131059170	-0.649340629578
0.000000000000	0.000000000000	0.000000000000	1.000000000000
5	32	-1
-0.377253413200	0.767115652561	-0.518857359886	1.798954486847
-0.354054659605	0.398231327534	0.846201717854	-0.895797252655
0.855759978294	0.502936244011	0.121366761625	1.076005935669
0.000000000000	0.000000000000	0.000000000000	1.000000000000
6	18	-1
0.999610781670	0.009106507525	-0.026395896450	0.248330205679
0.004570856225	0.879203796387	0.476423859596	0.076393365860
0.027546418831	-0.476358741522	0.878819465637	-0.139582872391
0.000000000000	0.000000000000	0.000000000000	1.000000000000
7	8	-1
0.735924243927	0.012834864669	0.676942467690	-0.374525606632
0.368913352489	0.830767452717	-0.416808277369	0.201237678528
-0.567731738091	0.556472301483	0.606646597385	-0.305510282516
0.000000000000	0.000000000000	0.000000000000	1.000000000000
7	19	-1
0.864818871021	0.114163950086	-0.488931506872	1.236806392670
-0.310059428215	0.887368500233	-0.341234624386	-0.542009532452
0.394906073809	0.446704566479	0.802810549736	0.265032052994
0.000000000000	0.000000000000	0.000000000000	1.000000000000
8	9	-1
0.964366793633	-0.173636019230	0.199617430568	0.394370824099
0.101352266967	0.939402103424	0.327491611242	-0.040528714657
-0.244385525584	-0.295590698719	0.923526585102	0.209382295609
0.000000000000	0.000000000000	0.000000000000	1.000000000000
9	10	-1
0.818134129047	0.261055618525	-0.512353956699	1.151159048080
-0.303546518087	0.952816307545	0.000774284184	-0.185326129198
0.488381326199	0.154889911413	0.858774065971	-0.005775451660
0.000000000000	0.000000000000	0.000000000000	1.000000000000
9	25	-1
0.214571952820	-0.367395848036	0.904974460602	-0.856567978859
0.476399540901	0.848230838776	0.231403097510	-0.240500584245
-0.852644085884	0.381476938725	0.357033252716	0.712105274200
0.000000000000	0.000000000000	0.000000000000	1.000000000000
9	26	-1
0.608139991760	-0.329462081194	0.722233772278	-1.487695813179
0.384786009789	0.918122828007	0.094819836318	-0.029282879084
-0.694338381290	0.220241814852	0.685118854046	0.481981277466
0.000000000000	0.000000000000	0.000000000000	1.000000000000
10	26	-1
0.016163624823	-0.440785795450	0.897467136383	-1.958879828453
0.414950221777	0.819597005844	0.395066678524	-0.487912505865
-0.909700751305	0.366018563509	0.196152031422	1.833026885986
0.000000000000	0.000000000000	0.000000000000	1.000000000000
10	29	-1
0.963084518909	-0.134423211217	0.233233556151	-1.707627534866
0.111155994236	0.987669110298	0.110244996846	0.059381350875
-0.245177164674	-0.080249801278	0.966151118279	-0.035460948944
0.000000000000	0.000000000000	0.000000000000	1.000000000000
11	13	-1
0.994620919228	-0.079662621021	0.066204823554	-0.148859709501
0.065591931343	0.979068219662	0.192674934864	0.057663679123
-0.080167956650	-0.187295973301	0.979026794434	0.229565858841
0.000000000000	0.000000000000	0.000000000000	1.000000000000
12	16	-1
0.277211546898	0.422281384468	-0.863037109375	1.480769038200
-0.329088479280	0.885639011860	0.327635586262	-0.284777462482
0.902693212032	0.193191006780	0.384476661682	0.429839253426
0.000000000000	0.000000000000	0.000000000000	1.000000000000
12	17	-1
0.907103002071	0.181070074439	-0.379970669746	1.867389202118
-0.136006414890	0.980404436588	0.142511531711	0.044752448797
0.398329734802	-0.077594436705	0.913954496384	-0.179100036621
0.000000000000	0.000000000000	0.000000000000	1.000000000000
13	18	-1
0.887428462505	0.268188685179	-0.374895423651	1.126574754715
-0.225980415940	0.962000131607	0.153259292245	-0.754184603691
0.401751935482	-0.051287382841	0.914311528206	1.239287137985
0.000000000000	0.000000000000	0.000000000000	1.000000000000
13	22	-1
0.719179093838	0.428153365850	-0.547235965729	1.571165323257
-0.315129935741	0.902917385101	0.292290985584	-0.794817328453
0.619254112244	-0.037759236991	0.784282386303	1.089442729950
0.000000000000	0.000000000000	0.000000000000	1.000000000000
13	27	-1
0.404156744480	-0.532773256302	0.743511855602	-0.116063833237
0.577847838402	0.778825342655	0.243972465396	-0.232144117355
-0.709047913551	0.331033825874	0.622629642487	0.638901591301
0.000000000000	0.000000000000	0.000000000000	1.000000000000
13	29	-1
0.995949208736	-0.023769367486	-0.086716137826	2.071617126465
0.015301067382	0.995162725449	-0.097042612731	-0.099114298820
0.088603369892	0.095322646201	0.991495490074	-0.130041599274
0.000000000000	0.000000000000	0.000000000000	1.000000000000
13	32	-1
0.959319233894	-0.250477015972	0.130260184407	1.749731540680
0.218703761697	0.951088845730	0.218171596527	0.153112679720
-0.178536131978	-0.180807948112	0.967178165913	-0.500758409500
0.000000000000	0.000000000000	0.000000000000	1.000000000000
14	15	-1
0.217145025730	-0.491834253073	0.843176782131	-0.436456918716
0.459991961718	0.813424348831	0.356016874313	-0.119571119547
-0.860961616039	0.310547053814	0.402871310711	0.343061089516
0.000000000000	0.000000000000	0.000000000000	1.000000000000
14	23	-1
-0.617162048817	-0.241138264537	0.748975396156	-1.436282396317
0.370298653841	0.750869393349	0.546876966953	-0.542856216431
-0.694255053997	0.614855945110	-0.374114632607	1.878581285477
0.000000000000	0.000000000000	0.000000000000	1.000000000000
14	24	-1
0.216928184032	-0.362623631954	0.906336843967	-1.609504699707
0.381448030472	0.886117875576	0.263235896826	-0.434368759394
-0.898576736450	0.288616925478	0.330545783043	1.488119482994
0.000000000000	0.000000000000	0.000000000000	1.000000000000
14	25	-1
0.334440976381	-0.402674496174	0.852057158947	-1.784464597702
0.397874355316	0.879923343658	0.259674161673	-0.198602572083
-0.854309022427	0.252166301012	0.454496800900	0.815535366535
0.000000000000	0.000000000000	0.000000000000	1.000000000000
14	26	-1
0.656520426273	-0.360838294029	0.662402153015	-2.476339101791
0.335269033909	0.926238596439	0.172269076109	-0.055811829865
-0.675703763962	0.108985051513	0.729072630405	0.570361614227
0.000000000000	0.000000000000	0.000000000000	1.000000000000
15	16	-1
0.854267001152	-0.116202406585	0.506681442261	-0.362670361996
0.217321038246	0.965265929699	-0.145029246807	0.401183694601
-0.472229719162	0.234006002545	0.849847376347	-0.595021963120
0.000000000000	0.000000000000	0.000000000000	1.000000000000
15	23	-1
0.611854553223	-0.272790640593	0.742441713810	-1.797179579735
0.417276084423	0.908724665642	-0.009994798340	0.560384988785
-0.671948730946	0.315918564796	0.669836163521	-0.372832417488
0.000000000000	0.000000000000	0.000000000000	1.000000000000
16	17	-1
0.678703486919	-0.341665834188	0.650096893311	-0.490665912628
0.327871441841	0.933045566082	0.148074001074	0.323699891567
-0.657161951065	0.112650096416	0.745283901691	-0.517068386078
0.000000000000	0.000000000000	0.000000000000	1.000000000000
16	23	-1
0.937411844730	-0.184600770473	0.295264124870	-1.227769255638
0.176943242550	0.982809484005	0.052694428712	0.396638512611
-0.299915939569	0.002848698059	0.953961431980	-0.577753305435
0.000000000000	0.000000000000	0.000000000000	1.000000000000
18	22	-1
0.957424104214	0.172359332442	-0.231581404805	0.373314619064
-0.157751336694	0.984206020832	0.080329440534	0.094806119800
0.241769507527	-0.040376815945	0.969493269920	-0.271289825439
0.000000000000	0.000000000000	0.000000000000	1.000000000000
19	21	-1
0.891512095928	-0.148921027780	0.427817791700	0.303247094154
0.094623409212	0.984804153442	0.145622357726	-0.043990671635
-0.443003177643	-0.089341871440	0.892057120800	0.051221251488
0.000000000000	0.000000000000	0.000000000000	1.000000000000
19	31	-1
0.047267425805	0.156512767076	0.986544251442	-1.483215808868
0.192985653877	0.967608809471	-0.162754386663	0.002168148756
-0.980062484741	0.198082551360	0.015531435609	2.279003620148
0.000000000000	0.000000000000	0.000000000000	1.000000000000
20	21	-1
0.977703690529	0.088019095361	-0.190653592348	0.026121139526
-0.151508361101	0.924332320690	-0.350221574306	0.027936249971
0.145401179790	0.371298313141	0.917058467865	-0.187069296837
0.000000000000	0.000000000000	0.000000000000	1.000000000000
20	30	-1
0.563565552235	-0.514362394810	0.646394252777	-2.449994087219
0.584164142609	0.801413416862	0.128407821059	0.177631169558
-0.584077060223	0.305234164000	0.752121150494	0.484426975250
0.000000000000	0.000000000000	0.000000000000	1.000000000000
20	31	-1
0.744738698006	0.098408922553	0.660060346127	-2.625025987625
0.460850954056	0.639528453350	-0.615320861340	0.276557981968
-0.482680231333	0.762443184853	0.430929839611	0.357969284058
0.000000000000	0.000000000000	0.000000000000	1.000000000000
21	30	-1
0.280940413475	-0.633829593658	0.720647275448	-2.330776214600
0.379727631807	0.763025045395	0.523067474365	-0.018471419811
-0.881407678127	0.126698896289	0.455047160387	1.226698994637
0.000000000000	0.000000000000	0.000000000000	1.000000000000
21	31	-1
0.505183219910	0.099146075547	0.857298254967	-2.616823673248
0.289278179407	0.916457355022	-0.276451051235	0.034822180867
-0.813085913658	0.387655586004	0.434297710657	1.166167259216
0.000000000000	0.000000000000	0.000000000000	1.000000000000
24	25	-1
0.992388904095	0.008755357936	-0.122829742730	0.640910208225
-0.003648175858	0.999122262001	0.041740223765	0.094992414117
0.123087309301	-0.040974296629	0.991549730301	-0.316377162933
0.000000000000	0.000000000000	0.000000000000	1.000000000000
24	26	-1
0.887392342091	0.170911431313	-0.428163439035	0.722983360291
-0.133861586452	0.984251976013	0.115450143814	0.395313382149
0.441151738167	-0.045134585351	0.896296441555	-1.028561353683
0.000000000000	0.000000000000	0.000000000000	1.000000000000
25	26	-1
0.924123942852	0.158539474010	-0.347649037838	0.076341032982
-0.141361117363	0.987157523632	0.074408665299	0.328406095505
0.354980915785	-0.019618572667	0.934667527676	-0.663671970367
0.000000000000	0.000000000000	0.000000000000	1.000000000000
25	29	-1
0.954832255840	-0.131148517132	0.266638815403	-0.196845293045
0.160014554858	0.983050167561	-0.089490547776	0.814352989197
-0.250382602215	0.128114446998	0.959633052349	-1.492774486542
0.000000000000	0.000000000000	0.000000000000	1.000000000000
26	29	-1
0.831086814404	-0.206190571189	0.516508102417	-0.297160923481
0.281674176455	0.956861317158	-0.071247600019	0.429628342390
-0.479536145926	0.204699710011	0.853313088417	-0.726058363914
0.000000000000	0.000000000000	0.000000000000	1.000000000000
27	28	-1
0.942320346832	-0.008953540586	0.334591746330	-0.075593173504
0.149866923690	0.905125975609	-0.397853076458	0.108776643872
-0.299285352230	0.425049394369	0.854260861874	-0.266477823257
0.000000000000	0.000000000000	0.000000000000	1.000000000000
27	29	-1
0.940966248512	0.128429949284	-0.313191056252	0.288248658180
-0.177741840482	0.974877178669	-0.134249657393	0.067920416594
0.288081020117	0.181991800666	0.940153419971	-0.212760925293
0.000000000000	0.000000000000	0.000000000000	1.000000000000
27	32	-1
0.993745446205	0.017351804301	-0.110308736563	0.000802153721
0.000077545272	0.987745225430	0.156076043844	0.393084287643
0.111664891243	-0.155108451843	0.981566369534	-0.531087160110
0.000000000000	0.000000000000	0.000000000000	1.000000000000
28	29	-1
0.829379498959	0.174888908863	-0.530606210232	0.028132021427
-0.024297809228	0.960134148598	0.278482884169	-0.021015405655
0.558156490326	-0.218075290322	0.800565302372	0.126932144165
0.000000000000	0.000000000000	0.000000000000	1.000000000000
28	32	-1
0.897433876991	0.220132902265	-0.382301270962	0.210015267134
0.032591555268	0.831150710583	0.555091917515	0.171230077744
0.439944028854	-0.510617733002	0.738728046417	-0.341979980469
0.000000000000	0.000000000000	0.000000000000	1.000000000000
29	32	-1
0.960624933243	-0.238406464458	0.142697304487	-0.383331507444
0.186224520206	0.933598101139	0.306130409241	0.241314709187
-0.206205561757	-0.267502576113	0.941234290600	-0.255383729935
0.000000000000	0.000000000000	0.000000000000	1.000000000000
30	31	-1
0.971006929874	0.054917708039	-0.232657074928	-0.045011684299
-0.205561861396	0.688618242741	-0.695376515388	0.184409856796
0.122023053467	0.723041117191	0.679942488670	-0.182003974915
0.000000000000	0.000000000000	0.000000000000	1.000000000000
33	35	-1
0.951424062252	-0.177044779062	0.251887768507	-0.087866082788
0.234928756952	0.946258604527	-0.222267404199	-0.047405496240
-0.198999896646	0.270646572113	0.941886246204	-0.008741736412
0.000000000000	0.000000000000	0.000000000000	1.000000000000
36	37	-1
0.935902237892	-0.144073009491	0.321451246738	-0.259933531284
0.200949341059	0.967850804329	-0.151275053620	0.194889307022
-0.289322167635	0.206173941493	0.934764683247	-0.192015051842
0.000000000000	0.000000000000	0.000000000000	1.000000000000
38	39	-1
0.779374420643	0.414247989655	-0.470079630613	0.564223527908
-0.367146909237	0.909896790981	0.193109646440	-0.251423388720
0.507718741894	0.022083232179	0.861239790916	0.340509295464
0.000000000000	0.000000000000	0.000000000000	1.000000000000
38	40	-1
0.746905207634	0.011293534189	-0.664834916592	0.672210216522
-0.359867036343	0.847631871700	-0.389891862869	-0.326196372509
0.559131801128	0.530464470387	0.637165129185	0.040294647217
0.000000000000	0.000000000000	0.000000000000	1.000000000000
38	41	-1
0.959216654301	-0.275839358568	0.061779327691	0.214299440384
0.262217789888	0.949919521809	0.169987156987	-0.331517785788
-0.105574473739	-0.146854370832	0.983507990837	0.546003103256
0.000000000000	0.000000000000	0.000000000000	1.000000000000
38	56	-1
0.350901126862	0.154697746038	-0.923545598984	2.100115299225
-0.554497361183	0.829080820084	-0.071807466447	0.189686805010
0.754586517811	0.537301480770	0.376705050468	-0.544381022453
0.000000000000	0.000000000000	0.000000000000	1.000000000000
39	40	-1
0.995553672314	-0.042999047786	-0.083802841604	0.014321073890
-0.025786496699	0.731300234795	-0.681567907333	0.129243016243
0.090591795743	0.680698692799	0.726940274239	-0.315954208374
0.000000000000	0.000000000000	0.000000000000	1.000000000000
39	41	-1
0.613242983818	-0.630852341652	0.475350856781	-0.127719074488
0.627793669701	0.754483163357	0.191392049193	-0.196629360318
-0.479384779930	0.181052818894	0.858725905418	0.311764121056
0.000000000000	0.000000000000	0.000000000000	1.000000000000
39	56	-1
0.851961612701	0.074506781995	-0.518276989460	0.639776170254
-0.343225836754	0.826973497868	-0.445321589708	1.041307806969
0.395421862602	0.557282745838	0.730121731758	-1.364206314087
0.000000000000	0.000000000000	0.000000000000	1.000000000000
40	56	-1
0.889095723629	0.096027292311	-0.447535783052	0.519551515579
-0.002280462999	0.978663325310	0.205460056663	-0.133119434118
0.457716345787	-0.181653067470	0.870343685150	-1.420365095139
0.000000000000	0.000000000000	0.000000000000	1.000000000000
41	56	-1
0.216734558344	0.286627739668	-0.933204770088	1.905189037323
-0.715240001678	0.697225630283	0.048035051674	0.319092452526
0.664422452450	0.657054185867	0.356120198965	-0.969751834869
0.000000000000	0.000000000000	0.000000000000	1.000000000000
42	43	-1
0.788965702057	-0.436645954847	0.432288587093	-0.059353828430
0.494275510311	0.868963599205	-0.024374652654	-0.274314075708
-0.365000247955	0.232900485396	0.901405751705	0.245568037033
0.000000000000	0.000000000000	0.000000000000	1.000000000000
43	44	-1
0.938599944115	0.096532136202	-0.331227481365	-0.076593667269
-0.315296828747	0.629761815071	-0.709920883179	-0.338270366192
0.140064224601	0.770766794682	0.621530532837	0.017314314842
0.000000000000	0.000000000000	0.000000000000	1.000000000000
44	48	-1
0.990411639214	-0.038752455264	0.132600665092	0.240365147591
0.037556607276	0.999228179455	0.011506945826	-0.020366251469
-0.132944285870	-0.006416563876	0.991102755070	0.405877590179
0.000000000000	0.000000000000	0.000000000000	1.000000000000
45	47	-1
0.705770254135	-0.366123944521	0.606499075890	-0.038479104638
0.450881004333	0.892472624779	0.014077058062	-0.026311933994
-0.546437561512	0.263523966074	0.794959485531	0.064551830292
0.000000000000	0.000000000000	0.000000000000	1.000000000000
46	47	-1
0.914491951466	0.212637931108	-0.344224274158	0.041946470737
-0.217581585050	0.975729823112	0.024693941697	-0.000109535467
0.341120570898	0.052314434201	0.938562810421	0.109958708286
0.000000000000	0.000000000000	0.000000000000	1.000000000000
46	56	-1
0.778968155384	-0.077775657177	0.622221589088	-0.781206607819
0.403916865587	0.821236610413	-0.403016269207	0.330029815435
-0.479645550251	0.565262794495	0.671132087708	-0.640353083611
0.000000000000	0.000000000000	0.000000000000	1.000000000000
49	50	-1
0.343789666891	0.644851863384	-0.682623147964	0.091907560825
-0.663231313229	0.681359529495	0.309635132551	-0.236017763615
0.664780497551	0.346288084984	0.661929726601	0.216881871223
0.000000000000	0.000000000000	0.000000000000	1.000000000000
49	51	-1
0.740080714226	0.259889096022	-0.620272576809	0.176275432110
-0.495524436235	0.834295630455	-0.241675004363	-0.205655068159
0.454682141542	0.486219674349	0.746227204800	0.096278071404
0.000000000000	0.000000000000	0.000000000000	1.000000000000
49	52	-1
0.955386698246	0.234654396772	-0.179369539022	0.146192997694
-0.288024574518	0.874670386314	-0.389864414930	-0.198101460934
0.065405912697	0.424133658409	0.903234601021	-0.007662296295
0.000000000000	0.000000000000	0.000000000000	1.000000000000
49	53	-1
0.383515268564	0.739628851414	-0.553051531315	-0.046201407909
-0.496554195881	0.670060157776	0.551773846149	-0.319922387600
0.778685271740	0.063006207347	0.624243438244	0.427471160889
0.000000000000	0.000000000000	0.000000000000	1.000000000000
49	55	-1
0.119471661747	0.855272173882	-0.504218697548	-0.033103644848
-0.599664449692	0.466918259859	0.649915575981	-0.245293438435
0.791283428669	0.224715456367	0.568659722805	0.314853787422
0.000000000000	0.000000000000	0.000000000000	1.000000000000
50	51	-1
0.939706504345	-0.079054482281	0.332720220089	-0.069457292557
0.201425090432	0.914195716381	-0.351674586535	0.024101763964
-0.276369810104	0.397489339113	0.874998569489	-0.122617006302
0.000000000000	0.000000000000	0.000000000000	1.000000000000
50	52	-1
0.628156542778	-0.012593147345	0.777985394001	-0.247892558575
0.309871077538	0.921207070351	-0.235282793641	0.077700912952
-0.713722705841	0.388869464397	0.582564234734	-0.138701796532
0.000000000000	0.000000000000	0.000000000000	1.000000000000
50	53	-1
0.985785305500	-0.133560165763	-0.101930744946	0.081630982459
0.154672116041	0.958335399628	0.240144073963	-0.052298277617
0.065610244870	-0.252495884895	0.965370953083	0.212149739265
0.000000000000	0.000000000000	0.000000000000	1.000000000000
50	54	-1
0.919392168522	0.166243091226	-0.356482893229	0.183349817991
-0.220954403281	0.968070089817	-0.118402972817	-0.102216303349
0.325417131186	0.187625244260	0.926768720150	0.079394817352
0.000000000000	0.000000000000	0.000000000000	1.000000000000
51	52	-1
0.877636611462	-0.004174135625	0.479308187962	-0.118700534105
0.019496541470	0.999445497990	-0.026995209977	0.060872465372
-0.478929579258	0.033036749810	0.877231299877	-0.121285200119
0.000000000000	0.000000000000	0.000000000000	1.000000000000
51	53	-1
0.925522327423	0.172519847751	-0.337113112211	0.058428019285
0.071356102824	0.794807374477	0.602652490139	0.034376084805
0.371909379959	-0.581823468208	0.723301470280	0.382710695267
0.000000000000	0.000000000000	0.000000000000	1.000000000000
51	54	-1
0.734967350960	0.317187815905	-0.599345982075	0.136846780777
-0.168609127402	0.941579878330	0.291543781757	-0.005339354277
0.656806528568	-0.113219939172	0.745510935783	0.310194730759
0.000000000000	0.000000000000	0.000000000000	1.000000000000
53	54	-1
0.917859017849	0.290727347136	-0.270208001137	0.023152858019
-0.364073485136	0.887822151184	-0.281463712454	-0.067704960704
0.158067449927	0.356719583273	0.920742034912	-0.177403330803
0.000000000000	0.000000000000	0.000000000000	1.000000000000
53	55	-1
0.943356573582	0.294719964266	-0.152375847101	-0.084412544966
-0.282118111849	0.954248905182	0.099085934460	0.067052066326
0.174606993794	-0.050485391170	0.983343124390	-0.036658406258
0.000000000000	0.000000000000	0.000000000000	1.000000000000
