0	1	-1
0.979092955589	-0.059685036540	0.194458350539	-0.473963022232
0.058989945799	0.998214423656	0.009368536994	0.003724455833
-0.194670245051	0.002298396546	0.980865955353	0.107057571411
0.000000000000	0.000000000000	0.000000000000	1.000000000000
0	2	-1
0.866331517696	-0.020407279953	0.499054580927	-0.580622792244
0.059339579195	0.996294021606	-0.062269747257	-0.042250245810
-0.495933771133	0.083560049534	0.864330947399	0.106105566025
0.000000000000	0.000000000000	0.000000000000	1.000000000000
0	5	-1
0.466795623302	-0.017565226182	0.884190440178	-0.719193935394
0.237445071340	0.965581059456	-0.106173455715	0.016241401434
-0.851893067360	0.259508222342	0.454899698496	-0.059350013733
0.000000000000	0.000000000000	0.000000000000	1.000000000000
0	6	-1
0.733316063881	-0.136832743883	0.665976047516	-0.719475150108
0.215379253030	0.975842118263	-0.036659490317	0.037969589233
-0.644870996475	0.170320674777	0.745071828365	0.174395322800
0.000000000000	0.000000000000	0.000000000000	1.000000000000
0	7	-1
0.691301584244	0.005030144006	0.722549259663	-0.727891325951
0.029659353197	0.998935461044	-0.035330835730	-0.067593187094
-0.721957564354	0.045854616910	0.690416276455	0.456315755844
0.000000000000	0.000000000000	0.000000000000	1.000000000000
0	34	-1
0.596118927002	0.420089602470	-0.684226751328	0.791186034679
-0.293315380812	0.907239735126	0.301465928555	-0.197313517332
0.747400701046	0.020985012874	0.664041876793	0.574129104614
0.000000000000	0.000000000000	0.000000000000	1.000000000000
0	35	-1
0.869981408119	0.273889809847	-0.410021156073	1.017210364342
-0.205414608121	0.957263708115	0.203594520688	-0.209944576025
0.448260784149	-0.092898763716	0.889062345028	0.567664146423
0.000000000000	0.000000000000	0.000000000000	1.000000000000
0	36	-1
0.983923614025	0.099437415600	-0.148343831301	0.972070634365
-0.080873034894	0.988686680794	0.126325473189	-0.155965238810
0.159227073193	-0.112297609448	0.980834305286	0.424435973167
0.000000000000	0.000000000000	0.000000000000	1.000000000000
0	37	-1
0.988137304783	0.137162655592	-0.069077827036	1.066256284714
-0.124809116125	0.979323148727	0.159212440252	-0.172892689705
0.089487746358	-0.148702263832	0.984824657440	0.403602242470
0.000000000000	0.000000000000	0.000000000000	1.000000000000
0	38	-1
0.993433177471	0.035905506462	0.108631320298	0.943250298500
-0.049535185099	0.990856349468	0.125495880842	-0.132421940565
-0.103132538497	-0.130053028464	0.986128687859	0.376753330231
0.000000000000	0.000000000000	0.000000000000	1.000000000000
0	45	-1
0.855601429939	-0.095352798700	0.508776187897	0.373561918736
0.263640135527	0.926124572754	-0.269790291786	-0.017294168472
-0.445465266705	0.364967107773	0.817532718182	-0.023905038834
0.000000000000	0.000000000000	0.000000000000	1.000000000000
0	46	-1
0.845941781998	-0.109042428434	0.522007703781	0.175981462002
0.161022990942	0.985411643982	-0.055103532970	-0.075649499893
-0.508383691311	0.130669981241	0.851158916950	0.217298030853
0.000000000000	0.000000000000	0.000000000000	1.000000000000
0	47	-1
0.735494554043	-0.369493275881	0.567910075188	-0.228773236275
0.243727266788	0.926382780075	0.287074357271	-0.046696573496
-0.632174372673	-0.072726368904	0.771405339241	0.382332563400
0.000000000000	0.000000000000	0.000000000000	1.000000000000
0	48	-1
0.684435784817	-0.452472090721	0.571679055691	-0.560458242893
0.220019608736	0.875746548176	0.429719090462	0.012986063957
-0.695081830025	-0.168335095048	0.698945462704	0.304896950722
0.000000000000	0.000000000000	0.000000000000	1.000000000000
0	49	-1
0.720564663410	-0.369286388159	0.586868047714	-0.606532812119
0.225485578179	0.925171792507	0.305309355259	-0.105576634407
-0.655700504780	-0.087664581835	0.749915003777	0.563473105431
0.000000000000	0.000000000000	0.000000000000	1.000000000000
1	2	-1
0.946269571781	0.014854680747	0.323036372662	-0.118816673756
0.012936151586	0.996406197548	-0.083713628352	-0.051899015903
-0.323118984699	0.083394534886	0.942676663399	-0.022837877274
0.000000000000	0.000000000000	0.000000000000	1.000000000000
1	3	-1
0.709437727928	-0.159650027752	0.686447441578	-0.153401196003
0.218751117587	0.975780248642	0.000863855472	0.011335402727
-0.669960081577	0.149548456073	0.727178692818	-0.030065774918
0.000000000000	0.000000000000	0.000000000000	1.000000000000
1	5	-1
0.634339213371	0.005611467641	0.773034453392	-0.219018280506
0.190153002739	0.968117892742	-0.163063600659	0.019126564264
-0.749303400517	0.250432103872	0.613048076630	-0.207588911057
0.000000000000	0.000000000000	0.000000000000	1.000000000000
1	6	-1
0.856062352657	-0.108183100820	0.505423188210	-0.250948131084
0.166444674134	0.983461499214	-0.071411900222	0.040007054806
-0.489338964224	0.145258009434	0.859911203384	0.015382051468
0.000000000000	0.000000000000	0.000000000000	1.000000000000
1	7	-1
0.826091587543	0.064865097404	0.559790849686	-0.290409922600
-0.026344798505	0.996712803841	-0.076615288854	-0.065492153168
-0.562920570374	0.048543628305	0.825084269047	0.284321546555
0.000000000000	0.000000000000	0.000000000000	1.000000000000
1	34	-1
0.416460722685	0.448129087687	-0.791037917137	1.154210329056
-0.327176600695	0.885660767555	0.329483926296	-0.248282551765
0.848242580891	0.121592268348	0.515460550785	0.706717491150
0.000000000000	0.000000000000	0.000000000000	1.000000000000
1	35	-1
0.752290725708	0.339617252350	-0.564552128315	1.363259553909
-0.256851643324	0.940281569958	0.223378390074	-0.291157931089
0.606700956821	-0.023039292544	0.794596493244	0.739764809608
0.000000000000	0.000000000000	0.000000000000	1.000000000000
1	36	-1
0.923330128193	0.181566387415	-0.338370412588	1.371661424637
-0.141122221947	0.979937493801	0.140737012029	-0.255700469017
0.357135027647	-0.082195512950	0.930429160595	0.609521031380
0.000000000000	0.000000000000	0.000000000000	1.000000000000
1	37	-1
0.941294431686	0.219033241272	-0.256884396076	1.464588999748
-0.184133648872	0.970900297165	0.153125196695	-0.244823455811
0.282948821783	-0.096834875643	0.954234182835	0.596560001373
0.000000000000	0.000000000000	0.000000000000	1.000000000000
1	38	-1
0.992214798927	0.113195985556	-0.051932480186	1.274601817131
-0.106184341013	0.986810922623	0.122184090316	-0.216984987259
0.065078273416	-0.115718111396	0.991147875786	0.532616376877
0.000000000000	0.000000000000	0.000000000000	1.000000000000
1	45	-1
0.926260352135	-0.083058968186	0.367617994547	0.742269992828
0.202648848295	0.932170510292	-0.299986004829	-0.081706002355
-0.317765861750	0.352362513542	0.880264520645	0.050910711288
0.000000000000	0.000000000000	0.000000000000	1.000000000000
1	46	-1
0.932191669941	-0.062729887664	0.356490135193	0.580913066864
0.098282821476	0.991733908653	-0.082490734756	-0.125882863998
-0.348368525505	0.111934103072	0.930650472641	0.241408109665
0.000000000000	0.000000000000	0.000000000000	1.000000000000
1	47	-1
0.852162480354	-0.297248363495	0.430654913187	0.162955045700
0.199805691838	0.945471107960	0.257218956947	-0.065431833267
-0.483629435301	-0.133145019412	0.865086913109	0.318928718567
0.000000000000	0.000000000000	0.000000000000	1.000000000000
1	48	-1
0.810812652111	-0.366044014692	0.456720292568	-0.149455189705
0.180263265967	0.898552179337	0.400136023760	0.011060953140
-0.556854903698	-0.242105424404	0.794542312622	0.178342103958
0.000000000000	0.000000000000	0.000000000000	1.000000000000
1	49	-1
0.843087017536	-0.290780514479	0.452383458614	-0.236058175564
0.184246003628	0.946481227875	0.265002220869	-0.085678398609
-0.505230545998	-0.140069857240	0.851541221142	0.420569896698
0.000000000000	0.000000000000	0.000000000000	1.000000000000
2	3	-1
0.892295300961	-0.198752000928	0.405348062515	0.004830896854
0.177562981844	0.980016469955	0.089656278491	0.023166000843
-0.415067672729	-0.008025416173	0.909755468369	-0.028912782669
0.000000000000	0.000000000000	0.000000000000	1.000000000000
2	5	-1
0.861614763737	-0.057978913188	0.504240572453	0.048070371151
0.121814765036	0.988040447235	-0.094542227685	0.029765009880
-0.492728382349	0.142883062363	0.858372569084	-0.188861370087
0.000000000000	0.000000000000	0.000000000000	1.000000000000
2	6	-1
0.974231362343	-0.133483812213	0.181812688708	-0.095945835114
0.133728921413	0.990957319736	0.010967114940	0.082406520844
-0.181632518768	0.013629064895	0.983272016048	-0.005506992340
0.000000000000	0.000000000000	0.000000000000	1.000000000000
2	7	-1
0.966376185417	0.065141677856	0.248741015792	-0.222733587027
-0.070162869990	0.997470617294	0.011364540085	-0.021074175835
-0.247371733189	-0.028435019776	0.968503177166	0.251565456390
0.000000000000	0.000000000000	0.000000000000	1.000000000000
2	8	-1
0.980897903442	-0.082469500601	0.176175132394	-0.561973810196
0.074880011380	0.995972335339	0.049313023686	-0.133990705013
-0.179532736540	-0.035179018974	0.983122706413	0.736117839813
0.000000000000	0.000000000000	0.000000000000	1.000000000000
2	35	-1
0.518223762512	0.355527251959	-0.777846217155	1.127733945847
-0.184577271342	0.934560120106	0.304184973240	-0.195445954800
0.835090160370	-0.014063278213	0.549933493137	1.201362252235
0.000000000000	0.000000000000	0.000000000000	1.000000000000
2	36	-1
0.782984554768	0.206999272108	-0.586588859558	1.156525611877
-0.092095546424	0.971190452576	0.219789698720	-0.143469393253
0.615185916424	-0.118069812655	0.779490709305	1.036767125130
0.000000000000	0.000000000000	0.000000000000	1.000000000000
2	37	-1
0.818656802177	0.247269809246	-0.518323302269	1.257954120636
-0.136702805758	0.960519611835	0.242309167981	-0.140768766403
0.557775855064	-0.127512007952	0.820138156414	1.061333656311
0.000000000000	0.000000000000	0.000000000000	1.000000000000
2	38	-1
0.905113995075	0.150039672852	-0.397814810276	1.209560632706
-0.072268038988	0.976339399815	0.203810736537	-0.094071149826
0.418981760740	-0.155722588301	0.894541621208	1.005163550377
0.000000000000	0.000000000000	0.000000000000	1.000000000000
2	45	-1
0.984520614147	-0.171714559197	0.035119060427	0.845413565636
0.175177440047	0.957566618919	-0.228865474463	0.007825374603
0.005670546088	0.231474727392	0.972824454308	0.371261596680
0.000000000000	0.000000000000	0.000000000000	1.000000000000
2	46	-1
0.994958639145	-0.092637799680	0.038416542113	0.582774758339
0.092539697886	0.995699167252	0.004329526797	-0.042402982712
-0.038652274758	-0.000752849912	0.999252438545	0.478509902954
0.000000000000	0.000000000000	0.000000000000	1.000000000000
2	47	-1
0.965030908585	-0.225751072168	0.133233264089	0.159439831972
0.169973105192	0.925824046135	0.337576627731	0.009739160538
-0.199559107423	-0.303126037121	0.931821167469	0.408728837967
0.000000000000	0.000000000000	0.000000000000	1.000000000000
2	48	-1
0.956281363964	-0.235637784004	0.173208877444	-0.060953348875
0.129611343145	0.872412443161	0.471271514893	0.074340164661
-0.262158781290	-0.428218573332	0.864813208580	0.171955585480
0.000000000000	0.000000000000	0.000000000000	1.000000000000
2	49	-1
0.965198874474	-0.205816745758	0.161338090897	-0.256111651659
0.140963762999	0.929095208645	0.341923266649	-0.000145435333
-0.220271840692	-0.307281047106	0.925774753094	0.377506732941
0.000000000000	0.000000000000	0.000000000000	1.000000000000
3	4	-1
0.942734003067	-0.022895425558	0.332760602236	0.284713864326
0.047800689936	0.996617972851	-0.066849730909	0.048359334469
-0.330105096102	0.078927844763	0.940639078617	-0.222246885300
0.000000000000	0.000000000000	0.000000000000	1.000000000000
3	5	-1
0.995754539967	0.075292281806	0.052958112210	0.166451916099
-0.064731508493	0.981772542000	-0.178696095943	-0.072019785643
-0.065447099507	0.174509316683	0.982478082180	-0.103780746460
0.000000000000	0.000000000000	0.000000000000	1.000000000000
3	6	-1
0.974499285221	0.027078753337	-0.222749918699	-0.097627133131
-0.037731621414	0.998331248760	-0.043707054108	0.099935978651
0.221195161343	0.050996910781	0.973895370960	-0.035620927811
0.000000000000	0.000000000000	0.000000000000	1.000000000000
3	7	-1
0.963040232658	0.227359339595	-0.144432634115	-0.333657234907
-0.236506447196	0.970371246338	-0.049451909959	0.005978882313
0.128909483552	0.081783547997	0.988278210163	0.134220600128
0.000000000000	0.000000000000	0.000000000000	1.000000000000
3	38	-1
0.728201806545	0.308615863323	-0.611946940422	0.618799448013
-0.208443209529	0.950310587883	0.231216803193	-0.293019175529
0.652896940708	-0.040816377848	0.756346464157	1.231011986732
0.000000000000	0.000000000000	0.000000000000	1.000000000000
3	39	-1
0.967160940170	0.103304892778	-0.232226461172	0.827019333839
-0.060597743839	0.981048464775	0.184042960405	-0.446937561035
0.246838122606	-0.163926765323	0.955091178417	1.321656465530
0.000000000000	0.000000000000	0.000000000000	1.000000000000
3	43	-1
0.893126845360	-0.158539175987	0.420938253403	0.810488402843
0.168819576502	0.985561013222	0.013001035899	-0.316876947880
-0.416921526194	0.059451211244	0.906996011734	0.860751628876
0.000000000000	0.000000000000	0.000000000000	1.000000000000
3	45	-1
0.926706433296	-0.113486126065	-0.358239203691	0.632955372334
0.036148086190	0.975808799267	-0.215616360307	-0.278591811657
0.374042361975	0.186863481998	0.908390998840	0.699705123901
0.000000000000	0.000000000000	0.000000000000	1.000000000000
3	46	-1
0.946085870266	0.051788941026	-0.319749712944	0.278896719217
-0.062902428210	0.997718691826	-0.024520220235	-0.167418360710
0.317750453949	0.043311342597	0.947184741497	0.629035472870
0.000000000000	0.000000000000	0.000000000000	1.000000000000
3	47	-1
0.980389833450	0.066640831530	-0.185462132096	-0.047873660922
-0.009149705060	0.955466687679	0.294954985380	-0.045433700085
0.196859315038	-0.287474274635	0.937339603901	0.432328462601
0.000000000000	0.000000000000	0.000000000000	1.000000000000
3	48	-1
0.980036437511	0.134866625071	-0.146081358194	-0.054859220982
-0.058809205890	0.898511767387	0.434991478920	0.025794923306
0.189921915531	-0.417716741562	0.888505876064	0.171687364578
0.000000000000	0.000000000000	0.000000000000	1.000000000000
4	5	-1
0.986440479755	0.055551446974	-0.154431313276	-0.171415895224
-0.076543837786	0.988088786602	-0.133498266339	-0.034319996834
0.145175755024	0.143508777022	0.978942990303	0.037600278854
0.000000000000	0.000000000000	0.000000000000	1.000000000000
4	39	-1
0.107703320682	-0.505767166615	0.855920493603	-1.469960570335
0.372347444296	0.818788051605	0.436971366405	-0.335220456123
-0.921823024750	0.271636188030	0.276507377625	1.254894256592
0.000000000000	0.000000000000	0.000000000000	1.000000000000
4	40	-1
0.993818998337	0.009582730941	-0.110596090555	-0.053683318198
0.011490060017	0.982036590576	0.188340157270	-0.311556875706
0.110414281487	-0.188447102904	0.975856721401	1.472084999084
0.000000000000	0.000000000000	0.000000000000	1.000000000000
4	41	-1
0.934646427631	-0.177706986666	0.307986855507	0.044672548771
0.108290113509	0.967269718647	0.229482322931	-0.346542835236
-0.338687092066	-0.181133031845	0.923299312592	1.314311504364
0.000000000000	0.000000000000	0.000000000000	1.000000000000
4	42	-1
0.951954066753	-0.078444749117	0.296022236347	-0.047936081886
0.122868604958	0.983257889748	-0.134562849998	-0.400365531445
-0.280510455370	0.164469480515	0.945655107498	1.226974487305
0.000000000000	0.000000000000	0.000000000000	1.000000000000
4	43	-1
0.989055693150	-0.105249613523	0.103399962187	0.031657002866
0.100853100419	0.993795871735	0.046877130866	-0.251870065928
-0.107692159712	-0.035935491323	0.993534684181	1.157357215881
0.000000000000	0.000000000000	0.000000000000	1.000000000000
4	45	-1
-0.924239635468	-0.068510591984	0.375615686178	-0.384070336819
0.159982711077	0.823756575584	0.543903052807	-1.981438875198
-0.346678972244	0.562788665295	-0.750388324261	4.383126258850
0.000000000000	0.000000000000	0.000000000000	1.000000000000
4	46	-1
-0.216919317842	-0.181614354253	0.959146440029	-1.786375284195
0.442453771830	0.857531428337	0.262438535690	-0.642648100853
-0.870161116123	0.481306344271	-0.105659142137	2.881585121155
0.000000000000	0.000000000000	0.000000000000	1.000000000000
4	47	-1
-0.001000540564	-0.499238431454	0.866464376450	-1.674508333206
0.379632920027	0.801409542561	0.462193280458	-0.489500463009
-0.925136923790	0.329400420189	0.188725262880	2.638629198074
0.000000000000	0.000000000000	0.000000000000	1.000000000000
4	48	-1
-0.998215436935	-0.058897718787	0.009752793238	0.399137824774
-0.015507777222	0.098057933152	-0.995059967041	3.567197322845
0.057650569826	-0.993436217308	-0.098796620965	2.434736967087
0.000000000000	0.000000000000	0.000000000000	1.000000000000
5	6	-1
0.952731549740	-0.004509129096	-0.303780078888	-0.224687457085
0.050206866115	0.988478541374	0.142789274454	0.086827516556
0.299637198448	-0.151291593909	0.941980838776	0.058517932892
0.000000000000	0.000000000000	0.000000000000	1.000000000000
5	7	-1
0.966960430145	0.186805263162	-0.173467203975	-0.589353799820
-0.163016304374	0.976259768009	0.142621040344	0.024132668972
0.195991441607	-0.109631098807	0.974457800388	0.194069862366
0.000000000000	0.000000000000	0.000000000000	1.000000000000
5	38	-1
0.724669992924	0.253989994526	-0.640580356121	0.272164523602
-0.041928712279	0.944124519825	0.326912462711	0.043715476990
0.687820076942	-0.210044845939	0.694827556610	1.347772121429
0.000000000000	0.000000000000	0.000000000000	1.000000000000
5	39	-1
-0.450224459171	-0.412337303162	0.792007505894	-1.578351974487
-0.322461098433	0.902214050293	0.286406636238	-0.009617209435
-0.832656383514	-0.126444533467	-0.539161443710	4.012817382812
0.000000000000	0.000000000000	0.000000000000	1.000000000000
5	43	-1
0.892632007599	-0.255105257034	0.371659219265	0.222715318203
0.189098268747	0.960322856903	0.204994201660	-0.033334910870
-0.409207761288	-0.112704291940	0.905453920364	1.122473478317
0.000000000000	0.000000000000	0.000000000000	1.000000000000
5	45	-1
0.889703810215	-0.170680299401	-0.423432081938	0.341772973537
0.138559862971	0.984688043594	-0.105776540935	0.055392682552
0.435003072023	0.035439513624	0.899731040001	0.836702823639
0.000000000000	0.000000000000	0.000000000000	1.000000000000
5	46	-1
0.906017422676	0.028511304408	-0.422279775143	0.087758839130
0.040295895189	0.987384974957	0.153121858835	-0.014484167099
0.421318352222	-0.155747279525	0.893439292908	0.810811281204
0.000000000000	0.000000000000	0.000000000000	1.000000000000
5	47	-1
0.964192986488	0.036561701447	-0.262668490410	-0.244732677937
0.090503424406	0.885628700256	0.455490022898	0.073400557041
0.249279901385	-0.462952762842	0.850608348846	0.529036521912
0.000000000000	0.000000000000	0.000000000000	1.000000000000
5	48	-1
0.968337357044	0.112968556583	-0.222624436021	-0.238587856293
0.040689744055	0.808413684368	0.587207317352	0.085100829601
0.246307969093	-0.577673077583	0.778220057487	0.255497694016
0.000000000000	0.000000000000	0.000000000000	1.000000000000
5	49	-1
0.961647212505	0.082399234176	-0.261620640755	-0.562107264996
0.051730528474	0.882210016251	0.468005418777	0.063618838787
0.269367843866	-0.463589936495	0.844112157822	0.325587272644
0.000000000000	0.000000000000	0.000000000000	1.000000000000
6	7	-1
0.977486848831	0.194224968553	0.082430005074	-0.211606144905
-0.193326175213	0.980953693390	-0.018823353574	-0.057408690453
-0.084516391158	0.002463717479	0.996418952942	0.215044260025
0.000000000000	0.000000000000	0.000000000000	1.000000000000
6	35	-1
0.312315225601	0.480337411165	-0.819594919682	0.942067503929
-0.251133680344	0.873804390430	0.416409999132	-0.425352394581
0.916183173656	0.075776211917	0.393531501293	1.430094838142
0.000000000000	0.000000000000	0.000000000000	1.000000000000
6	36	-1
0.625911474228	0.361757040024	-0.690917074680	1.007766962051
-0.192806258798	0.930188179016	0.312370687723	-0.386950612068
0.755685389042	-0.062303423882	0.651964426041	1.277049779892
0.000000000000	0.000000000000	0.000000000000	1.000000000000
6	37	-1
0.695086181164	0.387822449207	-0.605349898338	1.076677799225
-0.244074076414	0.919308304787	0.308706998825	-0.368616372347
0.676226496696	-0.066828072071	0.733656108379	1.247773408890
0.000000000000	0.000000000000	0.000000000000	1.000000000000
6	38	-1
0.867339253426	0.247631147504	-0.431742429733	0.914938092232
-0.159795179963	0.960067093372	0.229642733932	-0.263864815235
0.471368819475	-0.130187645555	0.872274398804	1.070973038673
0.000000000000	0.000000000000	0.000000000000	1.000000000000
6	39	-1
-0.246946811676	0.498193293810	-0.831155717373	0.665294408798
-0.165645360947	0.823393583298	0.542756795883	-0.319118201733
0.954766213894	0.271708995104	-0.120810434222	1.155617356300
0.000000000000	0.000000000000	0.000000000000	1.000000000000
6	44	-1
-0.601316213608	0.599088728428	0.528688013554	-1.875951290131
0.174001812935	0.743982255459	-0.645146310329	1.756471037865
-0.779834091663	-0.295944541693	-0.551611125469	3.742988348007
0.000000000000	0.000000000000	0.000000000000	1.000000000000
6	45	-1
0.979992866516	-0.065841414034	-0.187826544046	0.837853968143
0.031979281455	0.983526110649	-0.177916005254	-0.318612575531
0.196446612477	0.168349906802	0.965954005718	0.601348400116
0.000000000000	0.000000000000	0.000000000000	1.000000000000
6	46	-1
0.990455865860	0.036951452494	-0.132789924741	0.532843470573
-0.035148181021	0.999256014824	0.015901802108	-0.214347362518
0.133278936148	-0.011082583107	0.991016924381	0.593257188797
0.000000000000	0.000000000000	0.000000000000	1.000000000000
6	47	-1
0.999247789383	-0.037188455462	0.011013672687	0.138410776854
0.031515434384	0.944044351578	0.328308641911	-0.100351870060
-0.022606609389	-0.327714920044	0.944506168365	0.453677892685
0.000000000000	0.000000000000	0.000000000000	1.000000000000
6	48	-1
0.997808933258	-0.023671919480	0.061787161976	0.026019454002
-0.007111470681	0.890035927296	0.455834835768	-0.011746227741
-0.065783008933	-0.455275416374	0.887917280197	0.184346675873
0.000000000000	0.000000000000	0.000000000000	1.000000000000
6	49	-1
0.998165845871	-0.029184781015	0.053035981953	-0.281589627266
0.010578604415	0.946725726128	0.321868300438	-0.035310655832
-0.059604011476	-0.320716708899	0.945298016071	0.332185029984
0.000000000000	0.000000000000	0.000000000000	1.000000000000
7	37	-1
0.677420020103	0.197607904673	-0.708557307720	1.225941896439
-0.092507541180	0.978479981422	0.184444099665	-0.040687978268
0.729756712914	-0.059399057180	0.681122004986	1.117908477783
0.000000000000	0.000000000000	0.000000000000	1.000000000000
7	38	-1
0.830534934998	0.077002294362	-0.551618397236	1.085624456406
0.001552092843	0.990073323250	0.140544578433	0.028445363045
0.556964993477	-0.117583304644	0.822170495987	0.950520038605
0.000000000000	0.000000000000	0.000000000000	1.000000000000
7	39	-1
-0.240795493126	0.294369548559	-0.924858570099	0.831596791744
-0.225859880447	0.909741699696	0.348362863064	-0.045827448368
0.943930387497	0.292772144079	-0.152575358748	0.987964749336
0.000000000000	0.000000000000	0.000000000000	1.000000000000
7	44	-1
0.925390779972	-0.326450884342	0.192566305399	0.746968269348
0.334088027477	0.942510306835	-0.007680046838	0.268582224846
-0.178988724947	0.071441076696	0.981253981590	0.283293008804
0.000000000000	0.000000000000	0.000000000000	1.000000000000
7	45	-1
0.935266077518	-0.265499979258	-0.234065666795	1.050961613655
0.219550907612	0.953881204128	-0.204714775085	-0.053819656372
0.277622610331	0.140073373914	0.950423598289	0.455837726593
0.000000000000	0.000000000000	0.000000000000	1.000000000000
7	46	-1
0.968512654305	-0.173183560371	-0.178860291839	0.655913352966
0.175202056766	0.984522223473	-0.004571410362	-0.000308156013
0.176883190870	-0.026908939704	0.983864128590	0.387436389923
0.000000000000	0.000000000000	0.000000000000	1.000000000000
7	47	-1
0.970087230206	-0.220852509141	-0.100773453712	0.255254238844
0.241933122277	0.913733899593	0.326432913542	0.036543011665
0.019986696541	-0.341048896313	0.939833045006	0.222678899765
0.000000000000	0.000000000000	0.000000000000	1.000000000000
7	48	-1
0.978700578213	-0.190736666322	-0.075928069651	0.154942169785
0.204039990902	0.862935483456	0.462287575006	0.100631058216
-0.022654145956	-0.467933595181	0.883473336697	-0.039899826050
0.000000000000	0.000000000000	0.000000000000	1.000000000000
7	49	-1
0.975949525833	-0.205601066351	-0.072464719415	-0.129610240459
0.217997521162	0.920810699463	0.323395699263	0.027445703745
0.000235402229	-0.331415086985	0.943485021591	0.092956304550
0.000000000000	0.000000000000	0.000000000000	1.000000000000
8	37	-1
0.698618292809	0.327164471149	-0.636314332485	1.723485469818
-0.212939709425	0.944107949734	0.251628965139	-0.161668419838
0.683073639870	-0.040295917541	0.729237198830	0.640412092209
0.000000000000	0.000000000000	0.000000000000	1.000000000000
8	38	-1
0.838759720325	0.232819825411	-0.492217421532	1.615824937820
-0.155988112092	0.968830347061	0.192448601127	-0.092464044690
0.521681427956	-0.084638282657	0.848932027817	0.515455961227
0.000000000000	0.000000000000	0.000000000000	1.000000000000
8	39	-1
-0.213795751333	0.509592652321	0.833430647850	-1.180680036545
-0.349192172289	0.756923258305	-0.552388548851	1.451454162598
-0.912335753441	-0.409125447273	0.016118802130	2.586663722992
0.000000000000	0.000000000000	0.000000000000	1.000000000000
8	44	-1
0.989276587963	-0.093234218657	0.112427540123	1.448938488960
0.095785364509	0.995248079300	-0.017495831475	-0.028678156435
-0.110262453556	0.028077160940	0.993506133556	-0.095390081406
0.000000000000	0.000000000000	0.000000000000	1.000000000000
8	45	-1
0.978769421577	-0.096345223486	-0.180911049247	1.466050148010
0.057471457869	0.976233243942	-0.208965361118	-0.138715043664
0.196744516492	0.194131508470	0.961043715477	-0.067742347717
0.000000000000	0.000000000000	0.000000000000	1.000000000000
8	46	-1
0.994650363922	-0.011344890110	-0.102672085166	1.085324048996
0.008613767102	0.999598205090	-0.027004690841	-0.004392758012
0.102937035263	0.025976059958	0.994348764420	-0.083337068558
0.000000000000	0.000000000000	0.000000000000	1.000000000000
8	47	-1
0.992890238762	-0.113263875246	0.036598350853	0.660377502441
0.098424218595	0.954149484634	0.282685548067	0.126603633165
-0.066938243806	-0.277073532343	0.958514392376	-0.220233201981
0.000000000000	0.000000000000	0.000000000000	1.000000000000
8	48	-1
0.990949273109	-0.108686819673	0.078791290522	0.543300032616
0.065122224391	0.902454316616	0.425834536552	0.188988268375
-0.117387175560	-0.416849225760	0.901364326477	-0.467436552048
0.000000000000	0.000000000000	0.000000000000	1.000000000000
8	49	-1
0.993115544319	-0.108181841671	0.044928465039	0.298200100660
0.091458313167	0.955734431744	0.279655963182	0.167608261108
-0.073192931712	-0.273621797562	0.959048688412	-0.306738615036
0.000000000000	0.000000000000	0.000000000000	1.000000000000
8	50	-1
0.996088325977	-0.004077345133	0.088267475367	-0.004889130592
0.009265673347	0.998248398304	-0.058443047106	-0.011711657047
-0.087874926627	0.059032902122	0.994380950928	0.030586481094
0.000000000000	0.000000000000	0.000000000000	1.000000000000
8	51	-1
0.999683558941	0.024375051260	-0.006241751835	-0.313935935497
-0.024544242769	0.999288499355	-0.028629910201	-0.102573692799
0.005539447069	0.028773888946	0.999570548534	0.252230644226
0.000000000000	0.000000000000	0.000000000000	1.000000000000
9	10	-1
0.998729825020	-0.045096471906	0.022461129352	-0.470745295286
0.039145372808	0.975270986557	0.217517167330	-0.076443374157
-0.031714957207	-0.216361820698	0.975797951221	0.539988994598
0.000000000000	0.000000000000	0.000000000000	1.000000000000
9	51	-1
0.998806893826	-0.028008144349	-0.039984941483	0.239030629396
0.033801428974	0.987729787827	0.152469277382	0.024239301682
0.035223793238	-0.153639063239	0.987498939037	-0.084862947464
0.000000000000	0.000000000000	0.000000000000	1.000000000000
9	52	-1
0.987984836102	-0.118488840759	0.099226415157	-0.287704437971
0.101781345904	0.981987237930	0.159194275737	-0.003874838352
-0.116301804781	-0.147181883454	0.982248067856	0.228827953339
0.000000000000	0.000000000000	0.000000000000	1.000000000000
9	53	-1
0.976108491421	-0.103907421231	0.190828680992	-0.620046794415
0.078538335860	0.987588226795	0.136015906930	-0.036611318588
-0.202593341470	-0.117778606713	0.972154438496	0.579337835312
0.000000000000	0.000000000000	0.000000000000	1.000000000000
10	11	-1
0.985518991947	-0.027563484386	-0.167315006256	0.132456988096
0.014004976489	0.996560454369	-0.081679441035	-0.104076728225
0.168991178274	0.078153334558	0.982514381409	0.407367706299
0.000000000000	0.000000000000	0.000000000000	1.000000000000
10	51	-1
0.995058894157	0.025472469628	-0.095965310931	0.823908686638
-0.030162410811	0.998403906822	-0.047740675509	0.155998811126
0.094596207142	0.050399634987	0.994239151478	-0.602846384048
0.000000000000	0.000000000000	0.000000000000	1.000000000000
10	52	-1
0.995526194572	-0.067048974335	0.066573321819	0.201499447227
0.070187225938	0.996473968029	-0.045973677188	0.081977620721
-0.063256025314	0.050440382212	0.996721863747	-0.275590658188
0.000000000000	0.000000000000	0.000000000000	1.000000000000
10	53	-1
0.986271440983	-0.050414994359	0.157256498933	-0.137951791286
0.062626466155	0.995312809944	-0.073689557612	0.010184958577
-0.152804136276	0.082526378334	0.984804868698	0.037655115128
0.000000000000	0.000000000000	0.000000000000	1.000000000000
10	54	-1
0.999185323715	0.013700727373	-0.037957593799	-0.109574764967
-0.021581523120	0.976211011410	-0.215743809938	-0.175647437572
0.034098781645	0.216386795044	0.975711882114	0.338828802109
0.000000000000	0.000000000000	0.000000000000	1.000000000000
11	12	-1
0.949391901493	0.056127127260	-0.309038370848	0.077140867710
-0.130262136459	0.965659677982	-0.224794819951	-0.082482308149
0.285808950663	0.253674209118	0.924101054668	0.143687009811
0.000000000000	0.000000000000	0.000000000000	1.000000000000
11	52	-1
0.975546479225	-0.013838132843	0.219357877970	0.001089794561
0.003934262320	0.998955786228	0.045521821827	0.057204931974
-0.219758555293	-0.043545663357	0.974581778049	-0.681758642197
0.000000000000	0.000000000000	0.000000000000	1.000000000000
11	53	-1
0.949253320694	-0.012944832444	0.314244449139	-0.303546428680
0.014043753967	0.999900460243	-0.001232403331	0.088483929634
-0.314197510481	0.005583044607	0.949341118336	-0.322595596313
0.000000000000	0.000000000000	0.000000000000	1.000000000000
11	54	-1
0.991641700268	0.061733964831	0.113295733929	-0.220885276794
-0.045416392386	0.988919615746	-0.141336783767	-0.057279046625
-0.120765857399	0.135009616613	0.983457267284	-0.017603397369
0.000000000000	0.000000000000	0.000000000000	1.000000000000
11	55	-1
0.995597600937	0.046128116548	-0.081596955657	-0.232449933887
-0.052767641842	0.995301544666	-0.081183679402	-0.062168657780
0.077468685806	0.085131987929	0.993353426456	-0.015268564224
0.000000000000	0.000000000000	0.000000000000	1.000000000000
12	52	-1
0.900353074074	-0.133735418320	0.414101988077	-0.050042390823
0.020988255739	0.963843226433	0.265643745661	0.048483252525
-0.434655576944	-0.230481922626	0.870604991913	-0.761474609375
0.000000000000	0.000000000000	0.000000000000	1.000000000000
12	54	-1
0.900734543800	-0.051570463926	0.431297659874	-0.391634702682
0.004011314828	0.993872940540	0.110459014773	0.003192901611
-0.434351205826	-0.097763895988	0.895422339439	-0.078260660172
0.000000000000	0.000000000000	0.000000000000	1.000000000000
12	55	-1
0.976989746094	-0.068229980767	0.202077671885	-0.316467761993
0.034086458385	0.985221743584	0.167853400111	-0.030492722988
-0.210543707013	-0.157103270292	0.964878261089	-0.057995557785
0.000000000000	0.000000000000	0.000000000000	1.000000000000
12	56	-1
0.966960728168	0.060119044036	-0.247737362981	-0.351187556982
0.047300178558	0.912610411644	0.406085699797	0.087360024452
0.250500738621	-0.404386490583	0.879614055157	-0.057608127594
0.000000000000	0.000000000000	0.000000000000	1.000000000000
13	14	-1
0.960923790932	0.054892186075	-0.271317690611	0.217173606157
-0.089026160538	0.989351928234	-0.115138441324	-0.028734266758
0.262108385563	0.134793549776	0.955578386784	0.123885154724
0.000000000000	0.000000000000	0.000000000000	1.000000000000
13	15	-1
0.778391122818	0.252578020096	-0.574727296829	0.382042467594
-0.157724425197	0.964809596539	0.210392266512	-0.057489633560
0.607642650604	-0.073118716478	0.790837407112	0.322233200073
0.000000000000	0.000000000000	0.000000000000	1.000000000000
13	54	-1
0.948617458344	0.127711758018	-0.289506793022	2.258078575134
-0.167050823569	0.979169011116	-0.115424074233	-0.154549375176
0.268735021353	0.157855734229	0.950191140175	0.304955720901
0.000000000000	0.000000000000	0.000000000000	1.000000000000
13	55	-1
0.957760810852	0.083202034235	-0.275265544653	1.878567814827
-0.094837933779	0.995064437389	-0.029210723937	-0.126749217510
0.271476447582	0.054082617164	0.960924386978	0.014850616455
0.000000000000	0.000000000000	0.000000000000	1.000000000000
13	56	-1
0.971745729446	-0.113307893276	0.207055181265	-0.479083895683
0.071124844253	0.977033376694	0.200864747167	0.084244161844
-0.225059419870	-0.180462688208	0.957486987114	0.003354072571
0.000000000000	0.000000000000	0.000000000000	1.000000000000
13	57	-1
0.972021818161	0.094209775329	-0.215171098709	-0.366993457079
-0.044092822820	0.972942292690	0.226803466678	0.015712916851
0.230716377497	-0.210970491171	0.949874758720	0.234575748444
0.000000000000	0.000000000000	0.000000000000	1.000000000000
14	15	-1
0.922914803028	0.104048825800	-0.370678484440	0.230120897293
-0.003436521627	0.964976012707	0.262312442064	0.045152068138
0.384989619255	-0.240818098187	0.890948593616	0.174051284790
0.000000000000	0.000000000000	0.000000000000	1.000000000000
14	18	-1
0.561652421951	0.219286993146	-0.797784209251	0.599382877350
-0.046587008983	0.971089661121	0.234125539660	0.094342350960
0.826061308384	-0.094330586493	0.555630683899	0.225628137589
0.000000000000	0.000000000000	0.000000000000	1.000000000000
14	56	-1
0.869625210762	-0.254385024309	0.423132598400	-0.691333353519
0.096893422306	0.928310751915	0.358959138393	0.013125538826
-0.484112054110	-0.271160960197	0.831929862499	0.065531492233
0.000000000000	0.000000000000	0.000000000000	1.000000000000
14	57	-1
0.996437132359	-0.081619694829	0.021270141006	-0.552039861679
0.069759517908	0.939236938953	0.336106806993	0.029306054115
-0.047410834581	-0.333425194025	0.941583931446	0.257556915283
0.000000000000	0.000000000000	0.000000000000	1.000000000000
15	18	-1
0.796819806099	0.170335143805	-0.579710245132	0.440799355507
-0.184504464269	0.982208609581	0.034996934235	-0.032093942165
0.575357198715	0.079072847962	0.814070940018	0.026367425919
0.000000000000	0.000000000000	0.000000000000	1.000000000000
15	56	-1
0.753604769707	-0.321826875210	0.573155522346	-0.626977682114
0.280704051256	0.946006238461	0.162103861570	0.036483675241
-0.594378113747	0.038725055754	0.803252518177	-0.162724733353
0.000000000000	0.000000000000	0.000000000000	1.000000000000
15	57	-1
0.886093795300	-0.218127176166	0.408970773220	-0.746236979961
0.190351679921	0.975757360458	0.108003571630	-0.117760866880
-0.422614276409	-0.017853079364	0.906133830547	0.387878894806
0.000000000000	0.000000000000	0.000000000000	1.000000000000
15	62	-1
-0.008980168961	0.436057209969	-0.899873971939	0.766223907471
-0.246478542686	0.871178984642	0.424611836672	-1.042436480522
0.969106554985	0.225612878799	0.099655248225	2.883464336395
0.000000000000	0.000000000000	0.000000000000	1.000000000000
16	17	-1
0.995182275772	-0.059999998659	-0.077537938952	0.104123666883
0.053609605879	0.995187580585	-0.082023352385	-0.070265114307
0.082086287439	0.077471569180	0.993609607220	-0.147294044495
0.000000000000	0.000000000000	0.000000000000	1.000000000000
16	61	-1
0.652323901653	-0.370362579823	0.661290526390	-0.072570741177
0.122764304280	0.912591993809	0.390006154776	-0.022740960121
-0.747931897640	-0.173227399588	0.640772879124	1.499579191208
0.000000000000	0.000000000000	0.000000000000	1.000000000000
17	18	-1
0.923308849335	0.137996479869	-0.358409523964	0.259295940399
0.005229163915	0.928613603115	0.371010243893	0.029130280018
0.384022116661	-0.344431638718	0.856676161289	0.233058929443
0.000000000000	0.000000000000	0.000000000000	1.000000000000
17	19	-1
0.824303448200	0.183113038540	-0.535717308521	0.078009843826
0.015721742064	0.938480556011	0.344971776009	0.029726564884
0.565929651260	-0.292784452438	0.770714581013	0.082238197327
0.000000000000	0.000000000000	0.000000000000	1.000000000000
17	64	-1
0.186785414815	0.533892214298	-0.824663698673	0.680424630642
0.073937475681	0.829416155815	0.553715765476	0.031329631805
0.979614555836	-0.164399668574	0.115448325872	2.334396839142
0.000000000000	0.000000000000	0.000000000000	1.000000000000
18	19	-1
0.979038000107	0.054589912295	-0.196225225925	-0.242636412382
-0.056864853948	0.998363554478	-0.005974327680	-0.015155792236
0.195577546954	0.017007337883	0.980540633202	-0.058739185333
0.000000000000	0.000000000000	0.000000000000	1.000000000000
18	20	-1
0.939052045345	0.103242248297	-0.327906072140	-0.498354315758
-0.088693581522	0.994306564331	0.059061042964	0.053999334574
0.332136541605	-0.026377981529	0.942862391472	-0.217055082321
0.000000000000	0.000000000000	0.000000000000	1.000000000000
18	62	-1
0.821452975273	0.244843155146	-0.515041649342	1.781959295273
-0.152788802981	0.964615762234	0.214876577258	-0.562914550304
0.549428522587	-0.097818322480	0.829795122147	1.472389340401
0.000000000000	0.000000000000	0.000000000000	1.000000000000
18	63	-1
0.557018101215	0.364079087973	-0.746441960335	1.910540342331
-0.248929426074	0.930654942989	0.268170893192	-0.571839928627
0.792315483093	0.036434978247	0.609022498131	1.722254633904
0.000000000000	0.000000000000	0.000000000000	1.000000000000
18	64	-1
0.452393680811	0.355065673590	-0.818088412285	1.376810908318
-0.216777309775	0.933595001698	0.285322278738	-0.529803276062
0.865070998669	0.048264320940	0.499322503805	1.794883728027
0.000000000000	0.000000000000	0.000000000000	1.000000000000
19	20	-1
0.992856919765	0.028317589313	-0.115898221731	-0.369842231274
-0.022706378251	0.998517930508	0.049453977495	0.063819944859
0.117127075791	-0.046469207853	0.992029190063	-0.096124172211
0.000000000000	0.000000000000	0.000000000000	1.000000000000
19	21	-1
0.995888531208	0.007036616560	-0.090314283967	-0.709311068058
0.003144686110	0.993692100048	0.112097963691	0.144489526749
0.090533465147	-0.111921027303	0.989584445953	-0.284716844559
0.000000000000	0.000000000000	0.000000000000	1.000000000000
19	64	-1
0.662737727165	0.289221137762	-0.690746307373	1.939659595490
-0.169838756323	0.956422865391	0.237509876490	-0.371651351452
0.729338049889	-0.040091246367	0.682978093624	1.440102696419
0.000000000000	0.000000000000	0.000000000000	1.000000000000
19	65	-1
0.748619675636	0.168879359961	-0.641131460667	1.168393492699
-0.086836025119	0.983660399914	0.157709896564	-0.320239067078
0.657289087772	-0.062391471118	0.751051723957	1.507222175598
0.000000000000	0.000000000000	0.000000000000	1.000000000000
20	21	-1
0.998852968216	-0.040290389210	0.025881839916	-0.384492695332
0.038509979844	0.997079849243	0.065945312381	0.069845840335
-0.028463022783	-0.064873002470	0.997487366199	-0.145893573761
0.000000000000	0.000000000000	0.000000000000	1.000000000000
20	22	-1
0.992618024349	-0.050676666200	0.110182993114	-1.086094856262
0.054555892944	0.997982025146	-0.032483566552	0.063572570682
-0.108314052224	0.038254566491	0.993380367756	-0.050966024399
0.000000000000	0.000000000000	0.000000000000	1.000000000000
20	23	-1
0.998123586178	-0.010628356598	0.060303363949	-1.397303104401
0.027668882161	0.956831872463	-0.289323687553	-0.012919135392
-0.054624948651	0.290449827909	0.955329954624	0.012147665024
0.000000000000	0.000000000000	0.000000000000	1.000000000000
20	34	-1
0.386783331633	-0.378984451294	0.840696394444	-2.294070959091
0.279831111431	0.916898310184	0.284592568874	-0.273315548897
-0.878688573837	0.125177711248	0.460691958666	1.140230655670
0.000000000000	0.000000000000	0.000000000000	1.000000000000
20	64	-1
0.774496495724	0.247638851404	-0.582091391087	2.463244676590
-0.182450234890	0.968532383442	0.169284760952	-0.397834450006
0.605696320534	-0.024907821789	0.795306384563	1.149005413055
0.000000000000	0.000000000000	0.000000000000	1.000000000000
20	65	-1
0.827803790569	0.141321882606	-0.542924821377	1.724494457245
